Indice IndiceOld Caracteristique atome
0 0 Si 1
1 1 Si 2
2 2 Si 3
3 3 Si 4
4 4 O S1
5 5 O S2
6 6 O S3
7 7 O S4
8 8 O S5
9 9 O S6
10 10 O S7
11 18 O 8
12 21 O 9
13 24 O 10
14 27 O 11
15 30 O 12
16 33 O 13
17 36 O 14
18 39 O 15
Matrice Adjacence
0  0  0  0  1  0  0  0  0  0  1  0  0  0  0  0  0  0  0  
0  0  0  0  0  0  1  0  0  0  0  0  0  0  0  0  0  0  0  
0  0  0  0  0  1  0  0  1  0  0  0  0  0  0  0  0  0  0  
0  0  0  0  0  0  0  1  0  1  0  0  0  0  0  0  0  0  0  
1  0  0  0  0  0  0  0  2  0  0  0  0  0  0  0  0  0  0  
0  0  1  0  0  0  0  0  0  0  2  0  0  0  0  0  0  0  0  
0  1  0  0  0  0  0  0  0  2  0  0  0  0  0  0  0  0  0  
0  0  0  1  0  0  0  0  0  0  0  0  0  0  0  0  2  0  0  
0  0  1  0  0  0  0  0  0  0  0  0  0  0  0  0  0  2  0  
0  0  0  1  0  2  0  0  0  0  0  0  0  0  0  0  0  0  0  
1  0  0  0  0  0  0  0  0  0  0  0  2  0  0  0  0  0  0  
0  0  0  0  0  0  2  0  0  0  0  0  0  2  0  0  0  0  0  
0  0  0  0  0  0  0  0  0  0  0  0  0  0  0  0  0  0  2  
0  0  0  0  0  2  0  0  0  0  0  0  0  0  0  0  0  0  0  
0  0  0  0  0  0  0  0  0  0  0  2  0  0  0  0  0  0  0  
0  0  0  0  0  0  0  2  0  0  0  0  0  0  0  0  0  0  0  
0  0  0  0  0  0  0  0  0  0  0  0  2  0  0  0  0  2  0  
0  0  0  0  0  0  0  0  0  0  0  0  0  0  0  0  0  0  0  
0  0  0  0  0  0  0  0  0  0  0  0  0  0  0  0  0  0  0  

Nombre de sous-graphes connexes :234
Nombre de certificats différents :20
Ordre Nb_certif Nb_unique Nb_sg :
3 3 0 36
4 5 0 67
5 12 2 131
