identifiant liste_combi 
2 [ 00000110001000000000 00000010010000000010 00000000000010110000 00000000000010011000 ]
1 [ 10001000000100000000 01000010100000000000 00100100010000000000 00010001001000000000 00001000010000010000 00001000010000000010 00000010001010000000 00000010001000000010 00000010000010000010 00000001100000000100 ]
0 [ 10001000010000000000 10001000000000010000 10000000000101000000 01000010001000000000 01000010000010000000 01000010000000000010 01000001100000000000 00101000010000000000 00100100001000000000 00100000010000000010 00010100001000000000 00010010001000000000 00010001100000000000 00010001000000000100 00001000000010010000 00001000000000011000 00000010000010100000 00000010000010010000 00000010000000000110 00000001000000000110 00000000010000000110 00000000000101000001 ]
11 [ 00000010010010000010 ]
12 [ 00000010010000000110 ]
7 [ 01000010010000000010 00100010010000000010 ]
8 [ 00001010010000000010 00000010011000000010 ]
10 [ 00000110001010000000 00000110001000000010 ]
9 [ 00001000010010010000 00001000010000011000 00001000010000000110 00000010001010100000 00000010001010010000 00000010001000000110 00000001100000000110 ]
3 [ 10101000010000000000 01010010001000000000 01010001100000000000 00110100001000000000 00001010000010010000 00000011000000000110 00000001010000000110 00000000000010111000 ]
5 [ 10001000010000010000 01000010001010000000 01000010001000000010 01000010000010000010 00101000010000000010 00010110001000000000 00010001100000000100 00001000000010011000 00000010001010000010 00000010000010110000 ]
6 [ 10001000010000000010 10001000000010010000 10001000000000011000 10000000000101000001 01000110001000000000 01000010000010100000 01000010000010010000 01000010000000000110 01000001100000000100 00101000010000010000 00100110001000000000 00100000010000000110 00010010001010000000 00010010001000000010 00010001000000000110 00001000000010110000 00000010000010011000 ]
4 [ 10001000010100000000 10001000000101000000 10001000000100010000 01000011100000000000 01000010101000000000 01000010100010000000 01000010100000000010 00101100010000000000 00100100011000000000 00100100010000000010 00010101001000000000 00010011001000000000 00010001101000000000 00010001001000000100 00001000010000010010 00000010000010100010 00000010000010010010 00000010000010000110 ]
25 [ 01100110001000000000 ]
26 [ 01100010010000000010 ]
31 [ 01000010010010000010 ]
33 [ 01000010001010000010 ]
35 [ 00100010010010000010 ]
36 [ 00001010011000000010 ]
38 [ 00001010010010000010 ]
39 [ 00001010010000010010 ]
44 [ 00000110011000000010 ]
46 [ 00000110001010000010 ]
47 [ 00000011010000000110 ]
48 [ 00000010011010000010 ]
50 [ 00000010010010000110 ]
41 [ 00001000010010110000 00000010001010011000 ]
42 [ 00001000010010011000 00000010001010110000 ]
15 [ 10001010010000000010 00010010011000000010 ]
28 [ 01001010010000000010 00100010011000000010 ]
30 [ 01000010011000000010 00101010010000000010 ]
32 [ 01000010010000000110 00100010010000000110 ]
40 [ 00001010010000000110 00000010011000000110 ]
49 [ 00000010010010100010 00000010010010010010 ]
24 [ 10001000000010011000 01000010000010110000 00010010001010000010 ]
29 [ 01000010100010000010 00010111001000000000 00000010000010110010 ]
45 [ 00000110001010100000 00000110001010010000 00000110001000000110 ]
43 [ 00001000010010010010 00001000010000011010 00001000010000010110 ]
51 [ 00000010001010100010 00000010001010010010 00000010001010000110 ]
21 [ 10001000010000010010 01000110001010000000 01000110001000000010 00101000010000010010 ]
27 [ 01010110001000000000 00110110001000000000 00001010000010110000 00001010000010011000 ]
18 [ 10001000010100010000 01000010101010000000 01000010101000000010 00101100010000000010 00010001101000000100 ]
19 [ 10001000010100000010 01000011100000000100 00101100010000010000 00010011001010000000 00010011001000000010 ]
14 [ 10101000010000010000 10101000010000000010 01010010001010000000 01010010001000000010 01010001100000000100 ]
16 [ 10001010000010010000 01001010000010010000 01000011000000000110 00100001010000000110 00010011000000000110 00010001010000000110 ]
37 [ 00001010010010010000 00001010001010010000 00001001010000000110 00000011100000000110 00000011001000000110 00000001110000000110 ]
20 [ 10001000010010010000 10001000010000011000 01000010001010100000 01000010001010010000 01000010001000000110 00101000010000000110 00010001100000000110 ]
34 [ 01000010000010100010 01000010000010010010 01000010000010000110 00010110001010000000 00010110001000000010 00001000000010111000 00000010000010111000 ]
13 [ 10101100010000000000 10101000010100000000 01010011100000000000 01010011001000000000 01010010101000000000 01010001101000000000 00110101001000000000 00110100011000000000 00001010000010010010 00000011000010000110 ]
22 [ 10001000010000000110 10001000000010110000 01000010000010011000 01000001100000000110 00101000010010010000 00101000010000011000 00100110001010000000 00100110001000000010 00010010001010100000 00010010001010010000 00010010001000000110 ]
23 [ 10001000000110010000 10001000000101000001 10001000000100011000 01000110101000000000 01000010110000000010 01000010100010100000 01000010100010010000 01000010100000000110 00100110011000000000 00100110010000000010 00100100010000000110 00010001001000000110 00000010000010011010 ]
17 [ 10001000010101000000 10001000000101010000 01000011101000000000 01000011100010000000 01000011100000000010 00101100011000000000 00100100011000000010 00010101101000000000 00010101001000000100 00010011101000000000 00010011001000000100 00000010000010100110 00000010000010010110 ]
61 [ 10101000010000010010 ]
65 [ 10001010010010000010 ]
66 [ 10001010010000010010 ]
75 [ 10001000010101010000 ]
88 [ 01110110001000000000 ]
93 [ 01100010010010000010 ]
94 [ 01100010010000000110 ]
98 [ 01010011101000000000 ]
99 [ 01010010001010000010 ]
101 [ 01001010010010000010 ]
102 [ 01001010010000010010 ]
106 [ 01000110011000000010 ]
107 [ 01000110001010000010 ]
108 [ 01000011110000000010 ]
111 [ 01000011100010000010 ]
116 [ 01000010101010000010 ]
117 [ 01000010011010000010 ]
120 [ 01000010010010000110 ]
126 [ 00101010010010000010 ]
127 [ 00101010010000010010 ]
130 [ 00100110011010000000 ]
131 [ 00100110011000000010 ]
132 [ 00100110010010000010 ]
133 [ 00100010011010000010 ]
135 [ 00100010010010000110 ]
138 [ 00010011010000000110 ]
139 [ 00010011001010000010 ]
140 [ 00010010011010000010 ]
141 [ 00001110011000000010 ]
144 [ 00001010011010000010 ]
145 [ 00001010011000010010 ]
146 [ 00001010011000000110 ]
148 [ 00001010010010100010 ]
150 [ 00001010010010010010 ]
151 [ 00001010010010000110 ]
152 [ 00001010010000011010 ]
153 [ 00001010010000010110 ]
155 [ 00001010000010111000 ]
156 [ 00001001010000010110 ]
158 [ 00001000010010110010 ]
159 [ 00001000010010011010 ]
161 [ 00000110011010000010 ]
162 [ 00000110011000000110 ]
163 [ 00000110001010110000 ]
165 [ 00000110001010011000 ]
166 [ 00000011110000000110 ]
167 [ 00000011100010000110 ]
168 [ 00000011010010000110 ]
170 [ 00000010011010000110 ]
171 [ 00000010010010110010 ]
173 [ 00000010010010011010 ]
174 [ 00000010001010110010 ]
176 [ 00000010001010011010 ]
80 [ 10001000010010110000 01000010001010011000 ]
81 [ 10001000010010011000 01000010001010110000 ]
86 [ 10001000000110011000 01000010100010110000 ]
52 [ 11001010010000000010 00110010011000000010 ]
55 [ 10101100010100000000 00110101011000000000 ]
58 [ 10101010010000000010 01010010011000000010 ]
63 [ 10001010010100000010 00010011011000000010 ]
72 [ 10001010000010010010 00010011000010000110 ]
114 [ 01000010111000000010 00101110010000000010 ]
122 [ 01000010000010110010 00010110001010000010 ]
142 [ 00001110001010010000 00000111001000000110 ]
67 [ 10001010010000000110 00010010011000000110 ]
70 [ 10001010000010110000 01001010000010011000 ]
71 [ 10001010000010011000 01001010000010110000 ]
78 [ 10001000010100010010 00101100010000010010 ]
103 [ 01001010010000000110 00100010011000000110 ]
104 [ 01001010000010010010 01000011000010000110 ]
112 [ 01000011100000000110 00010011001000000110 ]
115 [ 01000010110000000110 00100110010000000110 ]
118 [ 01000010011000000110 00101010010000000110 ]
147 [ 00001010010010110000 00001010001010011000 ]
149 [ 00001010010010011000 00001010001010110000 ]
154 [ 00001010001010010010 00000011001010000110 ]
157 [ 00001000010010111000 00000010001010111000 ]
62 [ 10001010011000000010 00011010011000000010 ]
89 [ 01101010010000000010 01100010011000000010 ]
90 [ 01100110101000000000 01100110011000000000 ]
91 [ 01100110010000000010 01100010110000000010 ]
92 [ 01100110001010000000 01100110001000000010 ]
97 [ 01010110001010000000 01010110001000000010 ]
100 [ 01001010011000000010 00101010011000000010 ]
113 [ 01000011010000000110 00100011010000000110 ]
119 [ 01000010010010100010 01000010010010010010 ]
123 [ 01000010000010100110 01000010000010010110 ]
125 [ 00110110001010000000 00110110001000000010 ]
134 [ 00100010010010100010 00100010010010010010 ]
137 [ 00010111001010000000 00010111001000000010 ]
143 [ 00001011010000000110 00000011011000000110 ]
160 [ 00001000010010010110 00001000010000011110 ]
169 [ 00000010011010100010 00000010011010010010 ]
172 [ 00000010010010100110 00000010010010010110 ]
175 [ 00000010001010100110 00000010001010010110 ]
76 [ 10001000010101000010 01000011100010000100 00010011001010000100 ]
96 [ 01010110101000000000 00110110011000000000 00001010000010011010 ]
85 [ 10001000000110110000 01001010110000000010 01000010100010011000 ]
95 [ 01010111001000000000 00110111001000000000 00001010000010110010 ]
129 [ 00101000010010011000 00100110001010000010 00010010001010110000 ]
136 [ 00010111101000000000 00010111001000000100 00000010000010110110 ]
83 [ 10001000010000010110 00101000010010010010 00101000010000011010 ]
121 [ 01000010001010100010 01000010001010010010 01000010001010000110 ]
164 [ 00000110001010100010 00000110001010010010 00000110001010000110 ]
69 [ 10001010000110010000 01001010100010010000 00100101010000000110 00010001011000000110 ]
68 [ 10001010001010010000 01001010010010010000 00100001110000000110 00011001010000000110 ]
73 [ 10001001010000000110 01000001110000000110 00101010010010010000 00011010001010010000 ]
110 [ 01000011101000000100 00101100011000010000 00010011101010000000 00010011101000000010 ]
77 [ 10001000010101000001 01000011100010100000 01000011100010010000 00100100011000000110 00010101001000000110 ]
56 [ 10101100010000010000 10101000010100000010 01010011100000000100 01010011001010000000 01010011001000000010 ]
57 [ 10101100010000000010 10101000010100010000 01010010101010000000 01010010101000000010 01010001101000000100 ]
79 [ 10001000010100000110 00101100010010010000 00101100010000011000 00010011001010100000 00010011001010010000 ]
109 [ 01000011101010000000 01000011101000000010 00101100011000000010 00010101101000000100 00010011101000000100 ]
128 [ 00101000010010110000 00100110001010100000 00100110001010010000 00100110001000000110 00010010001010011000 ]
87 [ 10001000000010111000 01000010000010111000 00010010001010100010 00010010001010010010 00010010001010000110 ]
124 [ 01000010000010011010 00010110011000000010 00010110001010100000 00010110001010010000 00010110001000000110 ]
84 [ 10001000000111010000 10001000000101011000 10001000000101010001 01000111101000000000 00101110011000000000 00000010000010011110 ]
59 [ 10101000010101000000 01010011100010000000 01010011100000000010 01010011001000000100 00110101001000000100 00110100011000000010 ]
53 [ 11001010000010010000 01010011000000000110 00110001010000000110 00001010011010010000 00001001110000000110 00000011101000000110 ]
64 [ 10001010010010010000 01001010001010010000 01000011001000000110 00101001010000000110 00010011100000000110 00010001110000000110 ]
82 [ 10001000010010010010 10001000010000011010 01000110001010100000 01000110001010010000 01000110001000000110 00101000010000010110 ]
74 [ 10001000010110010000 10001000010100011000 01000010101010100000 01000010101010010000 01000010101000000110 00101100010000000110 00010001101000000110 ]
54 [ 10101100011000000000 01010101101000000000 00111100011000000000 00110101101000000000 00001010000010010110 00000011000010100110 00000011000010010110 ]
60 [ 10101000010010010000 10101000010000011000 10101000010000000110 01010010001010100000 01010010001010010000 01010010001000000110 01010001100000000110 ]
105 [ 01000110101010000000 01000110101000000010 01000010110010000010 01000010100010100010 01000010100010010010 01000010100010000110 00000010000010111010 ]
178 [ 11001010110000000010 ]
183 [ 11001010010010000010 ]
184 [ 11001010010000010010 ]
192 [ 10101100011000010000 ]
202 [ 10101010010010000010 ]
203 [ 10101010010000010010 ]
205 [ 10101000010101010000 ]
211 [ 10011010011000000010 ]
213 [ 10001110011000000010 ]
215 [ 10001011010000000110 ]
218 [ 10001010011010000010 ]
219 [ 10001010011000010010 ]
222 [ 10001010010110000010 ]
223 [ 10001010010101000010 ]
224 [ 10001010010100010010 ]
225 [ 10001010010100000110 ]
227 [ 10001010010010100010 ]
229 [ 10001010010010010010 ]
230 [ 10001010010010000110 ]
231 [ 10001010010000011010 ]
232 [ 10001010010000010110 ]
236 [ 10001010001010010010 ]
237 [ 10001010000111010000 ]
240 [ 10001010000110010010 ]
242 [ 10001010000010110010 ]
243 [ 10001010000010011010 ]
247 [ 10001001010000010110 ]
252 [ 10001000010101010010 ]
253 [ 10001000010101010001 ]
258 [ 10001000010010110010 ]
259 [ 10001000010010011010 ]
261 [ 10001000000111110000 ]
262 [ 10001000000111011000 ]
265 [ 01110111001000000000 ]
270 [ 01101010110000000010 ]
271 [ 01101010011000000010 ]
272 [ 01101010010010000010 ]
273 [ 01101010010000010010 ]
275 [ 01100110111000000000 ]
276 [ 01100110110000000010 ]
278 [ 01100110011010000000 ]
279 [ 01100110011000000010 ]
280 [ 01100110010010000010 ]
283 [ 01100110001010000010 ]
284 [ 01100011110000000010 ]
285 [ 01100011010000000110 ]
286 [ 01100010110010000010 ]
287 [ 01100010011010000010 ]
289 [ 01100010010010000110 ]
290 [ 01010111101000000000 ]
294 [ 01010110011000000010 ]
296 [ 01010110001010000010 ]
297 [ 01010011110000000010 ]
299 [ 01010011100010000010 ]
302 [ 01010011001010000010 ]
303 [ 01010010101010000010 ]
304 [ 01010010011010000010 ]
306 [ 01001110011000000010 ]
308 [ 01001011110000000010 ]
312 [ 01001010110000010010 ]
313 [ 01001010110000000110 ]
314 [ 01001010100010010010 ]
315 [ 01001010011010000010 ]
316 [ 01001010011000010010 ]
318 [ 01001010010010100010 ]
319 [ 01001010010010010010 ]
320 [ 01001010010010000110 ]
321 [ 01001010010000011010 ]
322 [ 01001010010000010110 ]
324 [ 01001010000010110010 ]
325 [ 01001010000010011010 ]
329 [ 01000110111000000010 ]
331 [ 01000110101010000010 ]
332 [ 01000110011010000010 ]
333 [ 01000110011000000110 ]
334 [ 01000110001010110000 ]
336 [ 01000110001010011000 ]
337 [ 01000011111000000010 ]
338 [ 01000011110010000010 ]
339 [ 01000011110000000110 ]
342 [ 01000011101010000010 ]
344 [ 01000011100010110000 ]
346 [ 01000011100010011000 ]
347 [ 01000011100010000110 ]
348 [ 01000011010010000110 ]
349 [ 01000010111010000010 ]
352 [ 01000010110010000110 ]
354 [ 01000010100010110010 ]
357 [ 01000010011010000110 ]
358 [ 01000010010010110010 ]
360 [ 01000010010010011010 ]
361 [ 01000010001010110010 ]
363 [ 01000010001010011010 ]
365 [ 01000010000010110110 ]
366 [ 01000010000010011110 ]
368 [ 00111100011000010000 ]
371 [ 00110111011000000000 ]
373 [ 00110110011010000000 ]
374 [ 00110110011000000010 ]
376 [ 00110110001010000010 ]
377 [ 00110010011010000010 ]
378 [ 00101110011010000000 ]
379 [ 00101110011000000010 ]
380 [ 00101110010010000010 ]
381 [ 00101110010000010010 ]
384 [ 00101100011000010010 ]
387 [ 00101010011010000010 ]
388 [ 00101010011000010010 ]
390 [ 00101010010010100010 ]
392 [ 00101010010010010010 ]
393 [ 00101010010010000110 ]
394 [ 00101010010000011010 ]
395 [ 00101010010000010110 ]
396 [ 00101001010000010110 ]
398 [ 00101000010010110010 ]
399 [ 00101000010010011010 ]
400 [ 00100111010000000110 ]
402 [ 00100110011010000010 ]
403 [ 00100110011000000110 ]
405 [ 00100110010010000110 ]
406 [ 00100110001010110000 ]
407 [ 00100110001010011000 ]
408 [ 00100011110000000110 ]
409 [ 00100011010010000110 ]
411 [ 00100010011010000110 ]
412 [ 00100010010010110010 ]
414 [ 00100010010010011010 ]
416 [ 00011110001010010000 ]
417 [ 00011011010000000110 ]
418 [ 00011010011010000010 ]
419 [ 00011010011000010010 ]
420 [ 00011010001010010010 ]
421 [ 00011001010000010110 ]
423 [ 00010111101000000100 ]
424 [ 00010111011000000010 ]
426 [ 00010111001010000100 ]
427 [ 00010111001010000010 ]
428 [ 00010111001000000110 ]
429 [ 00010110011000000110 ]
430 [ 00010110001010110000 ]
431 [ 00010011111000000010 ]
432 [ 00010011110000000110 ]
433 [ 00010011101010000010 ]
434 [ 00010011100010000110 ]
435 [ 00010011011010000010 ]
436 [ 00010011011000000110 ]
437 [ 00010011010010000110 ]
439 [ 00010011001010000110 ]
441 [ 00010010011010000110 ]
442 [ 00010010001010110010 ]
444 [ 00010010001010011010 ]
446 [ 00001110011010000010 ]
447 [ 00001110011000010010 ]
448 [ 00001110011000000110 ]
449 [ 00001110001010110000 ]
450 [ 00001110001010011000 ]
453 [ 00001011011000000110 ]
454 [ 00001011010010000110 ]
455 [ 00001011010000010110 ]
457 [ 00001010011010100010 ]
458 [ 00001010011010010010 ]
459 [ 00001010011010000110 ]
460 [ 00001010011000011010 ]
461 [ 00001010011000010110 ]
463 [ 00001010010010110010 ]
464 [ 00001010010010100110 ]
465 [ 00001010010010011010 ]
466 [ 00001010010010010110 ]
467 [ 00001010010000011110 ]
468 [ 00001010001010110010 ]
469 [ 00001010001010011010 ]
471 [ 00001010000010111010 ]
473 [ 00001000010010111010 ]
474 [ 00001000010010110110 ]
475 [ 00001000010010011110 ]
476 [ 00000111011000000110 ]
478 [ 00000110011010000110 ]
479 [ 00000110001010111000 ]
480 [ 00000110001010110010 ]
482 [ 00000110001010011010 ]
483 [ 00000011110010000110 ]
485 [ 00000011011010000110 ]
487 [ 00000011000010110110 ]
488 [ 00000010011010110010 ]
490 [ 00000010011010011010 ]
491 [ 00000010010010111010 ]
492 [ 00000010010010110110 ]
493 [ 00000010010010011110 ]
494 [ 00000010001010111010 ]
495 [ 00000010001010110110 ]
496 [ 00000010001010011110 ]
497 [ 00000010000010111110 ]
189 [ 10101110011000000000 00000011000010011110 ]
370 [ 00110111101000000000 00001010000010110110 ]
193 [ 10101100011000000010 01010101101000000100 ]
208 [ 10101000010010110000 01010010001010011000 ]
209 [ 10101000010010011000 01010010001010110000 ]
214 [ 10001110001010010000 00001001110000010110 ]
249 [ 10001000010110110000 01000010101010011000 ]
250 [ 10001000010110011000 01000010101010110000 ]
367 [ 00111110011000000000 00001010000010011110 ]
385 [ 00101100010010110000 00010011001010011000 ]
386 [ 00101100010010011000 00010011001010110000 ]
181 [ 11001010010100000010 00110011011000000010 ]
190 [ 10101110010000000010 01010010111000000010 ]
200 [ 10101010010100000010 01010011011000000010 ]
328 [ 01000111101000000100 00101110011000010000 ]
445 [ 00001110011010010000 00000111101000000110 ]
185 [ 11001010010000000110 00110010011000000110 ]
204 [ 10101010010000000110 01010010011000000110 ]
226 [ 10001010010010110000 01001010001010011000 ]
228 [ 10001010010010011000 01001010001010110000 ]
234 [ 10001010001010110000 01001010010010011000 ]
235 [ 10001010001010011000 01001010010010110000 ]
238 [ 10001010000110110000 01001010100010011000 ]
239 [ 10001010000110011000 01001010100010110000 ]
264 [ 10001000000110111000 01000010100010111000 ]
307 [ 01001110001010010000 01000111001000000110 ]
350 [ 01000010111000000110 00101110010000000110 ]
369 [ 00111100011000000010 00110101101000000100 ]
382 [ 00101110001010010000 00100111001000000110 ]
389 [ 00101010010010110000 00011010001010011000 ]
391 [ 00101010010010011000 00011010001010110000 ]
415 [ 00011110011000000010 00010110001010011000 ]
177 [ 11101010010000000010 01110010011000000010 ]
180 [ 11001010011000000010 00111010011000000010 ]
199 [ 10101010011000000010 01011010011000000010 ]
216 [ 10001010011100000010 00011011011000000010 ]
268 [ 01101110011000000000 01100111101000000000 ]
269 [ 01101110010000000010 01100010111000000010 ]
310 [ 01001011010000000110 00100011011000000110 ]
323 [ 01001010001010010010 01000011001010000110 ]
451 [ 00001110001010010010 00000111001010000110 ]
186 [ 11001010000010110000 11001010000010011000 ]
195 [ 10101100010100010000 10101100010100000010 ]
197 [ 10101100010000010010 10101000010100010010 ]
220 [ 10001010011000000110 00011010011000000110 ]
241 [ 10001010000010111000 01001010000010111000 ]
248 [ 10001000010111010000 10001000010101011000 ]
263 [ 10001000000111010001 10001000000101011001 ]
266 [ 01110110101000000000 01110110011000000000 ]
267 [ 01110110001010000000 01110110001000000010 ]
274 [ 01101010010000000110 01100010011000000110 ]
277 [ 01100110101010000000 01100110101000000010 ]
281 [ 01100110010000000110 01100010110000000110 ]
288 [ 01100010010010100010 01100010010010010010 ]
291 [ 01010111001010000000 01010111001000000010 ]
292 [ 01010111001000000100 00110111001000000100 ]
293 [ 01010110101010000000 01010110101000000010 ]
300 [ 01010011100000000110 01010011001000000110 ]
301 [ 01010011010000000110 00110011010000000110 ]
317 [ 01001010011000000110 00101010011000000110 ]
327 [ 01000111101010000000 01000111101000000010 ]
341 [ 01000011101010000100 00010011101010000100 ]
343 [ 01000011101000000110 00010011101000000110 ]
345 [ 01000011100010100010 01000011100010010010 ]
351 [ 01000010110010100010 01000010110010010010 ]
355 [ 01000010100010100110 01000010100010010110 ]
356 [ 01000010011010100010 01000010011010010010 ]
359 [ 01000010010010100110 01000010010010010110 ]
362 [ 01000010001010100110 01000010001010010110 ]
372 [ 00110111001010000000 00110111001000000010 ]
401 [ 00100110011010100000 00100110011010010000 ]
404 [ 00100110010010100010 00100110010010010010 ]
410 [ 00100010011010100010 00100010011010010010 ]
413 [ 00100010010010100110 00100010010010010110 ]
422 [ 00010111101010000000 00010111101000000010 ]
425 [ 00010111001010100000 00010111001010010000 ]
438 [ 00010011001010100010 00010011001010010010 ]
440 [ 00010010011010100010 00010010011010010010 ]
443 [ 00010010001010100110 00010010001010010110 ]
452 [ 00001011110000000110 00000011111000000110 ]
456 [ 00001010011010110000 00001010011010011000 ]
462 [ 00001010010010111000 00001010001010111000 ]
472 [ 00001001010010010110 00001001010000011110 ]
477 [ 00000110011010100010 00000110011010010010 ]
481 [ 00000110001010100110 00000110001010010110 ]
484 [ 00000011100010100110 00000011100010010110 ]
486 [ 00000011010010100110 00000011010010010110 ]
489 [ 00000010011010100110 00000010011010010110 ]
188 [ 10111100011000000000 01110101101000000000 00001011000010010110 ]
206 [ 10101000010101000010 01010011100010000100 01010011001010000100 ]
255 [ 10001000010101000011 01000011100010100100 01000011100010010100 ]
246 [ 10001001010100000110 00101110010010010000 00011011001010010000 ]
254 [ 10001000010101000110 00010011001010100100 00010011001010010100 ]
309 [ 01001011100010010000 00100101011000000110 00010101011000000110 ]
187 [ 11001010000010010010 01010011000010000110 00000011101010000110 ]
194 [ 10101100010101000000 00110101011000000100 00110101011000000010 ]
251 [ 10001000010110010010 10001000010100011010 00101100010000010110 ]
256 [ 10001000010100010110 00101100010010010010 00101100010000011010 ]
191 [ 10101100011100000000 00111101011000000000 00110101111000000000 ]
244 [ 10001010000010010110 00010011000010100110 00010011000010010110 ]
282 [ 01100110001010100000 01100110001010010000 01100110001000000110 ]
295 [ 01010110001010100000 01010110001010010000 01010110001000000110 ]
311 [ 01001010111000000010 01001010110010000010 01000010100010011010 ]
330 [ 01000110101010100000 01000110101010010000 01000110101000000110 ]
375 [ 00110110001010100000 00110110001010010000 00110110001000000110 ]
210 [ 10101000010010010010 10101000010000011010 10101000010000010110 ]
298 [ 01010011101010000000 01010011101000000100 01010011101000000010 ]
305 [ 01010010001010100010 01010010001010010010 01010010001010000110 ]
326 [ 01001010000010010110 01000011000010100110 01000011000010010110 ]
335 [ 01000110001010100010 01000110001010010010 01000110001010000110 ]
353 [ 01000010101010100010 01000010101010010010 01000010101010000110 ]
470 [ 00001010001010010110 00000011001010100110 00000011001010010110 ]
179 [ 11001010100010010000 11001010000110010000 00110101010000000110 00110001011000000110 ]
221 [ 10001010010110010000 01001010101010010000 00101101010000000110 00010001111000000110 ]
233 [ 10001010001110010000 01001010110010010000 00100101110000000110 00011001011000000110 ]
340 [ 01000011101010100000 01000011101010010000 00101100011000000110 00010101101000000110 ]
182 [ 11001010010010010000 11001010001010010000 00111001010000000110 00110001110000000110 ]
201 [ 10101010010010010000 10101001010000000110 01011010001010010000 01010001110000000110 ]
212 [ 10011010001010010000 10011001010000000110 01101010010010010000 01100001110000000110 ]
217 [ 10001010011010010000 01001010011010010000 00101001110000000110 00011001110000000110 ]
245 [ 10001001110000000110 01001001110000000110 00101010011010010000 00011010011010010000 ]
257 [ 10001000010010111000 01000011011000000110 01000010001010111000 00101011010000000110 ]
383 [ 00101100011010010000 00101100011000011000 00010011101010100000 00010011101010010000 ]
260 [ 10001000010010010110 10001000010000011110 00101000010010010110 00101000010000011110 ]
207 [ 10101000010101000001 01010011100010100000 01010011100010010000 00110101001000000110 00110100011000000110 ]
196 [ 10101100010010010000 10101100010000011000 10101000010100000110 01010011001010100000 01010011001010010000 ]
397 [ 00101000010010111000 00100110001010100010 00100110001010010010 00100110001010000110 00010010001010111000 ]
364 [ 01000010000010111010 00010110011010000010 00010110001010100010 00010110001010010010 00010110001010000110 ]
198 [ 10101100010000000110 10101000010110010000 10101000010100011000 01010010101010100000 01010010101010010000 01010010101000000110 01010001101000000110 ]
