identifiant liste_combi 
0 [ 100110000000000000000000000 100100010000000000000000000 100100000000010000000000000 010000001001000000000000000 010000001000000010000000000 010000001000000000000100000 010000000001000010000000000 010000000001000000000100000 010000000000000010000100000 001001000100000000000000000 001001000000001000000000000 001001000000000000000001000 001000000100001000000000000 001000000100000000000001000 001000000000001000000001000 000100010000010000000000000 ]
1 [ 010000000100000010000000000 010000000001000100000000000 010000000000000010010000000 010000000000000010000000100 010000000000000000010100000 010000000000000000000110000 001000000100000010000000000 001000000000001000000000010 001000000000000100000001000 001000000000000000001001000 000100000010010000000000000 000100000000010001000000000 000000100000100000100000000 ]
2 [ 000000000100000010010000000 000000000100000010000000100 000000000010010001000000000 000000000001100100000000000 000000000001000100000001000 000000000000100100100000000 000000000000100100000001000 000000000000001000001000010 000000000000000100001001000 000000000000000010010100000 000000000000000010010000100 000000000000000010000000101 000000000000000000010110000 000000000000000000001001010 000000000000000000001001001 000000000000000000001000101 000000000000000000001000011 ]
3 [ 100110010000000000000000000 100110000000010000000000000 010000000101000010000000000 010000000100000010000100000 010000000001000110000000000 010000000001000100000100000 010000000001000010010000000 010000000001000010000000100 010000000001000000010100000 010000000001000000000110000 010000000000000010000110000 010000000000000010000100100 001000000100001010000000000 001000000100001000000000010 001000000100000100000001000 001000000100000010000001000 001000000100000000001001000 001000000000001100000001000 001000000000001000001001000 001000000000001000000001010 ]
4 [ 100100010000010000000000000 010000001001000010000000000 010000001001000000000100000 010000001000000010000100000 010000000001000010000100000 001001000100001000000000000 001001000100000000000001000 001001000000001000000001000 001000000100001000000001000 ]
5 [ 100100000010010000000000000 100100000000010001000000000 ]
6 [ 011000000100000010000000000 000000000100000010010100000 000000000100000010000000101 000000000001100100100000000 000000000001000100001001000 000000000000100100100001000 000000000000100100001001000 000000000000001000001001010 000000000000001000001000011 000000000000000100001001010 000000000000000100001001001 000000000000000010010110000 000000000000000010010100100 000000000000000010010000101 000000000000000010001000101 000000000000000000001001101 000000000000000000001000111 ]
7 [ 010000001100000010000000000 010000001001000100000000000 010000001000000010010000000 010000001000000010000000100 010000001000000000010100000 010000001000000000000110000 001001000100000010000000000 001001000000001000000000010 001001000000000100000001000 001001000000000000001001000 000100010010010000000000000 000100010000010001000000000 ]
8 [ 010000000100000010010000000 010000000100000010000000100 010000000000000010010000100 010000000000000000010110000 001000000000000100001001000 000100000010010001000000000 ]
9 [ 010000000001100100000000000 010000000001000100000001000 010000000000000010000000101 001000000100000010010000000 001000000100000010000000100 001000000001000100000001000 001000000000100100000001000 001000000000001000001000010 001000000000000000001001010 001000000000000000001001001 000000100000100100100000000 ]
10 [ 010000000000000010010100000 ]
11 [ 000000000100000010010000100 000000000001100100000001000 000000000000000000001001011 ]
12 [ 100110010000010000000000000 ]
13 [ 100110000010010000000000000 100110000000010001000000000 ]
14 [ 100100010010010000000000000 100100010000010001000000000 ]
15 [ 100100000010010001000000000 ]
16 [ 011001000100000010000000000 011000001100000010000000000 ]
17 [ 011000000101000010000000000 011000000100001010000000000 011000000100000010000100000 011000000100000010000001000 ]
18 [ 011000000100000010010000000 011000000100000010000000100 ]
19 [ 011000000001000100000001000 000000000100000010010110000 000000000100000010001000101 000000000001000100001001010 000000000001000100001001001 000000000000100100101001000 000000000000100100001001010 000000000000100100001001001 000000000000001100001001010 000000000000001000001000111 000000000000000100001001101 000000000000000010011000101 000000000000000010010110100 000000000000000010010100101 000000000000000010001001101 000000000000000010001000111 ]
20 [ 010000001101000010000000000 010000001100000010000100000 010000001001000110000000000 010000001001000100000100000 010000001001000010010000000 010000001001000010000000100 010000001001000000010100000 010000001001000000000110000 010000001000000010000110000 010000001000000010000100100 001001000100001010000000000 001001000100001000000000010 001001000100000100000001000 001001000100000010000001000 001001000100000000001001000 001001000000001100000001000 001001000000001000001001000 001001000000001000000001010 ]
21 [ 010000001100000010010000000 010000001100000010000000100 010000001000000010010000100 010000001000000000010110000 010000000101000010010000000 010000000101000010000000100 010000000100000010000100100 010000000001000010010000100 010000000001000000010110000 001001000000000100001001000 001000000100000100001001000 001000000000001100001001000 000100010010010001000000000 ]
22 [ 010000001001100100000000000 010000001001000100000001000 010000001000000010000000101 001001000100000010010000000 001001000100000010000000100 001001000001000100000001000 001001000000100100000001000 001001000000001000001000010 001001000000000000001001010 001001000000000000001001001 ]
23 [ 010000001001000010000100000 001001000100001000000001000 ]
24 [ 010000001000000010010100000 ]
25 [ 010000000101000110000000000 010000000100000010000110000 010000000001000110010000000 010000000001000110000000100 010000000001000100010100000 010000000001000100000110000 010000000000000010000110100 001000000100001010000000010 001000000100000110000001000 001000000100000010001001000 001000000000001100000001010 ]
26 [ 010000000101000010000100000 010000000001000110000100000 010000000001000010000110000 010000000001000010000100100 001000000100001100000001000 001000000100001010000001000 001000000100001000001001000 001000000100001000000001010 ]
27 [ 010000000100000010010100000 010000000000000010010110000 010000000000000010010100100 ]
28 [ 010000000100000010010000100 ]
29 [ 010000000100000010000000101 010000000000000010010000101 001000000001000100001001000 001000000000100100001001000 001000000000000100001001010 001000000000000100001001001 ]
30 [ 010000000001100110000000000 010000000001100100000100000 010000000001000110000001000 010000000001000100000101000 010000000001000010000000101 010000000000000010000100101 001000000101000100000001000 001000000100100100000001000 001000000100001010010000000 001000000100001010000000100 001000000100001000001000010 001000000100000010010001000 001000000100000010000001100 001000000100000000001001010 001000000100000000001001001 001000000001001100000001000 001000000000101100000001000 001000000000001000001001001 ]
31 [ 010000000001100100100000000 010000000001000100001001000 010000000000000010001000101 001000000100000010010100000 001000000100000010000000101 001000000000100100100001000 001000000000001000001000011 001000000000000000001001101 000000100001100100100000000 000000100000100100100001000 ]
32 [ 010000000001100100000001000 001000000100000010010000100 001000000001100100000001000 001000000000000000001001011 ]
33 [ 010000000001000010010100000 ]
34 [ 001000000000001000001001010 ]
35 [ 000000000100000010010100100 000000000100000010010000101 000000000001100100100001000 000000000001100100001001000 000000000000001000001001011 000000000000000100001001011 000000000000000000001001111 ]
36 [ 100110010010010000000000000 100110010000010001000000000 ]
37 [ 100110000010010001000000000 ]
38 [ 100100010010010001000000000 ]
39 [ 011001001100000010000000000 011000000101001010000000000 011000000101000010000001000 011000000100001010000100000 011000000100000010000101000 ]
40 [ 011001000101000010000000000 011001000100000010000100000 011000001100001010000000000 011000001100000010000001000 ]
41 [ 011001000100001010000000000 011001000100000010000001000 011000001101000010000000000 011000001100000010000100000 ]
42 [ 011001000100000010010000000 011001000100000010000000100 ]
43 [ 011001000001000100000001000 011000001001000100000001000 ]
44 [ 011000001100000010010000000 011000001100000010000000100 ]
45 [ 011000000101000110000000000 011000000100001010000000010 011000000100000110000001000 011000000100000010001001000 011000000100000010000110000 ]
46 [ 011000000101000100000001000 011000000001001100000001000 011000000001000110000001000 011000000001000100000101000 ]
47 [ 011000000101000010010000000 011000000101000010000000100 011000000100000010000100100 ]
48 [ 011000000101000010000100000 011000000100001010000001000 ]
49 [ 011000000100001010010000000 011000000100001010000000100 011000000100000010010001000 011000000100000010000001100 ]
50 [ 011000000100000010010100000 ]
51 [ 011000000100000010010000100 ]
52 [ 011000000100000010000000101 ]
53 [ 011000000001100100000001000 ]
54 [ 011000000001000100001001000 ]
55 [ 010000100001100100100000000 001000100000100100100001000 ]
56 [ 010000001101000110000000000 010000001100000010000110000 010000001001000110010000000 010000001001000110000000100 010000001001000100010100000 010000001001000100000110000 010000001000000010000110100 010000000101000110000100000 010000000101000010000110000 010000000001000110000110000 010000000001000110000100100 010000000001000010000110100 001001000100001010000000010 001001000100000110000001000 001001000100000010001001000 001001000000001100000001010 001000000100001110000001000 001000000100001100000001010 001000000100001010001001000 001000000100001010000001010 ]
57 [ 010000001101000010010000000 010000001101000010000000100 010000001100000010000100100 010000001001000010010000100 010000001001000000010110000 010000000101000010000100100 001001000100000100001001000 001001000000001100001001000 001000000100001100001001000 ]
58 [ 010000001101000010000100000 010000001001000110000100000 010000001001000010000110000 010000001001000010000100100 001001000100001100000001000 001001000100001010000001000 001001000100001000001001000 001001000100001000000001010 ]
59 [ 010000001100000010010100000 010000001000000010010110000 010000001000000010010100100 ]
60 [ 010000001100000010010000100 010000000101000010010000100 ]
61 [ 010000001100000010000000101 010000001000000010010000101 001001000001000100001001000 001001000000100100001001000 001001000000000100001001010 001001000000000100001001001 ]
62 [ 010000001001100110000000000 010000001001100100000100000 010000001001000110000001000 010000001001000100000101000 010000001001000010000000101 010000001000000010000100101 001001000101000100000001000 001001000100100100000001000 001001000100001010010000000 001001000100001010000000100 001001000100001000001000010 001001000100000010010001000 001001000100000010000001100 001001000100000000001001010 001001000100000000001001001 001001000001001100000001000 001001000000101100000001000 001001000000001000001001001 ]
63 [ 010000001001100100100000000 010000001001000100001001000 010000001000000010001000101 001001000100000010010100000 001001000100000010000000101 001001000000100100100001000 001001000000001000001000011 001001000000000000001001101 ]
64 [ 010000001001100100000001000 001001000100000010010000100 001001000001100100000001000 001001000000000000001001011 ]
65 [ 010000001001000010010100000 ]
66 [ 010000000101100110000000000 010000000101000110000001000 010000000001100110010000000 010000000001100110000000100 010000000001100100010100000 010000000001100100000110000 010000000001000110010001000 010000000001000110000001100 010000000001000110000000101 010000000001000100010101000 010000000001000100000111000 010000000000000010000110101 001000000101000110000001000 001000000100100110000001000 001000000100001010010000010 001000000100001010001000010 001000000100001010000000110 001000000100000110010001000 001000000100000110000001100 001000000100000010011001000 001000000100000010001001100 001000000100000010001001010 001000000100000010001001001 001000000001001100000001010 001000000000101100000001010 ]
67 [ 010000000101000110010000000 010000000101000110000000100 010000000100000010000110100 010000000001000110010000100 010000000001000100010110000 001000000100000110001001000 ]
68 [ 010000000101000010010100000 010000000001000010010110000 010000000001000010010100100 ]
69 [ 010000000101000010000000101 010000000100000010000100101 010000000001000010010000101 001000000101000100001001000 001000000100100100001001000 001000000100000100001001010 001000000100000100001001001 001000000001001100001001000 001000000000101100001001000 001000000000001100001001001 ]
70 [ 010000000100000010010110000 010000000000000010010110100 ]
71 [ 010000000100000010010100100 ]
72 [ 010000000100000010010000101 ]
73 [ 010000000100000010001000101 010000000000000010011000101 001000000000100100101001000 001000000000000100001001101 ]
74 [ 010000000001100110100000000 010000000001100100100100000 010000000001000110001001000 010000000001000100001101000 010000000001000010001000101 010000000000000010001100101 001000000100100100100001000 001000000100001010010100000 001000000100001010000000101 001000000100001000001000011 001000000100000010010101000 001000000100000010000001101 001000000100000000001001101 001000000000101100100001000 001000000000001000001001101 ]
75 [ 010000000001100110000100000 010000000001000110000101000 010000000001000010000100101 001000000101001100000001000 001000000100101100000001000 001000000100001010010001000 001000000100001010000001100 001000000100001000001001001 ]
76 [ 010000000001100110000001000 010000000001100100000101000 001000000101100100000001000 001000000100001010010000100 001000000100000010010001100 001000000100000000001001011 001000000001101100000001000 ]
77 [ 010000000001100100100001000 010000000001100100001001000 001000000100000010010100100 001000000100000010010000101 001000000001100100100001000 001000000000000000001001111 ]
78 [ 010000000001000110010100000 ]
79 [ 010000000001000100001001010 010000000001000100001001001 010000000000000010001001101 010000000000000010001000111 001000000100000010010110000 001000000100000010001000101 001000000000001000001000111 001000000000000010001001101 000000100000100100101001000 ]
80 [ 010000000000000010010100101 ]
81 [ 001001000000001000001001010 001000000100001000001001010 ]
82 [ 001000000001100100001001000 001000000000000100001001011 ]
83 [ 001000000001000100001001010 001000000001000100001001001 001000000000100100001001010 001000000000100100001001001 ]
84 [ 001000000000001100001001010 ]
85 [ 001000000000001000001001011 ]
86 [ 000000100001100100100001000 ]
87 [ 000000000100000010011000101 000000000100000010010110100 000000000001100100001001010 000000000001100100001001001 000000000001000100001001011 000000000000100100001001011 000000000000000010001001111 ]
88 [ 000000000100000010010100101 000000000001100100101001000 000000000000001100001001011 000000000000001000001001111 000000000000000100001001111 ]
89 [ 000000000100000010001001101 000000000100000010001000111 000000000001001100001001010 000000000001000100001001101 000000000000101100001001010 000000000000100100101001010 000000000000100100101001001 000000000000100100001001101 000000000000001010001000111 000000000000000110001001101 000000000000000010011100101 000000000000000010011001101 000000000000000010011000111 000000000000000010010110101 ]
90 [ 100110010010010001000000000 ]
91 [ 011001001101000010000000000 011001001100001010000000000 011001001100000010000100000 011001001100000010000001000 ]
92 [ 011001001100000010010000000 011001001100000010000000100 ]
93 [ 011001001001000100000001000 ]
94 [ 011001000101001010000000000 011001000101000010000001000 011001000100001010000100000 011001000100000010000101000 011000001101001010000000000 011000001101000010000001000 011000001100001010000100000 011000001100000010000101000 ]
95 [ 011001000101000110000000000 011001000100000010000110000 011000001100001010000000010 011000001100000110000001000 011000001100000010001001000 ]
96 [ 011001000101000100000001000 011001000001001100000001000 011000001001000110000001000 011000001001000100000101000 ]
97 [ 011001000101000010010000000 011001000101000010000000100 011001000100000010000100100 ]
98 [ 011001000101000010000100000 011000001100001010000001000 ]
99 [ 011001000100001010010000000 011001000100001010000000100 011001000100000010010001000 011001000100000010000001100 ]
100 [ 011001000100001010000001000 011000001101000010000100000 ]
101 [ 011001000100001010000000010 011001000100000110000001000 011001000100000010001001000 011000001101000110000000000 011000001100000010000110000 ]
102 [ 011001000100000010010100000 ]
103 [ 011001000100000010010000100 ]
104 [ 011001000100000010000000101 ]
105 [ 011001000001100100000001000 011000001001100100000001000 ]
106 [ 011001000001000110000001000 011001000001000100000101000 011000001101000100000001000 011000001001001100000001000 ]
107 [ 011001000001000100001001000 ]
108 [ 011000001101000010010000000 011000001101000010000000100 011000001100000010000100100 ]
109 [ 011000001100001010010000000 011000001100001010000000100 011000001100000010010001000 011000001100000010000001100 ]
110 [ 011000001100000010010100000 ]
111 [ 011000001100000010010000100 ]
112 [ 011000001100000010000000101 ]
113 [ 011000001001000100001001000 ]
114 [ 011000000101100110000000000 011000000100100110000001000 011000000100001010001000010 011000000100000010001001010 011000000100000010001001001 ]
115 [ 011000000101100100000001000 011000000001101100000001000 011000000001100110000001000 011000000001100100000101000 ]
116 [ 011000000101001110000000000 011000000101001010000000010 011000000101000010001001000 011000000100001010000110000 011000000100001010000100010 011000000100000110000101000 011000000100000010001101000 011000000100000010000111000 ]
117 [ 011000000101001100000001000 011000000001000110000101000 ]
118 [ 011000000101001010010000000 011000000101001010000000100 011000000101000010010001000 011000000101000010000001100 011000000100001010000100100 011000000100000010000101100 ]
119 [ 011000000101001010000100000 011000000101001010000001000 011000000101000010000101000 011000000100001010000101000 ]
120 [ 011000000101000110010000000 011000000101000110000000100 011000000100000010000110100 ]
121 [ 011000000101000110000100000 011000000101000010000110000 011000000100001110000001000 011000000100001010001001000 011000000100001010000001010 ]
122 [ 011000000101000110000001000 ]
123 [ 011000000101000100001001000 011000000001001100001001000 ]
124 [ 011000000101000100000101000 011000000001001110000001000 011000000001001100000101000 ]
125 [ 011000000101000010010100000 ]
126 [ 011000000101000010010000100 ]
127 [ 011000000101000010000100100 ]
128 [ 011000000101000010000000101 011000000100000010000100101 ]
129 [ 011000000100001010010100000 011000000100000010010101000 ]
130 [ 011000000100001010010001000 011000000100001010000001100 ]
131 [ 011000000100001010010000100 011000000100000010010001100 ]
132 [ 011000000100001010010000010 011000000100001010000000110 011000000100000110010001000 011000000100000110000001100 011000000100000010011001000 011000000100000010001001100 ]
133 [ 011000000100001010000000101 011000000100000010000001101 ]
134 [ 011000000100000110001001000 ]
135 [ 011000000100000010010110000 ]
136 [ 011000000100000010010100100 ]
137 [ 011000000100000010010000101 ]
138 [ 011000000100000010001000101 ]
139 [ 011000000001100100100001000 ]
140 [ 011000000001100100001001000 ]
141 [ 011000000001001100000001010 011000000001000110010001000 011000000001000110000001100 011000000001000100010101000 011000000001000100000111000 ]
142 [ 011000000001000110001001000 011000000001000100001101000 ]
143 [ 011000000001000100001001010 011000000001000100001001001 ]
144 [ 011000000000000010001001101 ]
145 [ 010000101001100100100000000 001001100000100100100001000 ]
146 [ 010000100001100110100000000 010000100001100100100100000 001000100100100100100001000 001000100000101100100001000 ]
147 [ 010000100001100100100001000 001000100001100100100001000 ]
148 [ 010000001101100110000000000 010000001101000110000001000 010000001001100110010000000 010000001001100110000000100 010000001001100100010100000 010000001001100100000110000 010000001001000110010001000 010000001001000110000001100 010000001001000110000000101 010000001001000100010101000 010000001001000100000111000 010000001000000010000110101 001001000101000110000001000 001001000100100110000001000 001001000100001010010000010 001001000100001010001000010 001001000100001010000000110 001001000100000110010001000 001001000100000110000001100 001001000100000010011001000 001001000100000010001001100 001001000100000010001001010 001001000100000010001001001 001001000001001100000001010 001001000000101100000001010 ]
149 [ 010000001101000110010000000 010000001101000110000000100 010000001100000010000110100 010000001001000110010000100 010000001001000100010110000 010000000101000110000100100 010000000101000010000110100 001001000100000110001001000 001000000100001110001001000 ]
150 [ 010000001101000110000100000 010000001101000010000110000 010000001001000110000110000 010000001001000110000100100 010000001001000010000110100 001001000100001110000001000 001001000100001100000001010 001001000100001010001001000 001001000100001010000001010 ]
151 [ 010000001101000010010100000 010000001001000010010110000 010000001001000010010100100 ]
152 [ 010000001101000010010000100 ]
153 [ 010000001101000010000100100 001001000100001100001001000 ]
154 [ 010000001101000010000000101 010000001100000010000100101 010000001001000010010000101 001001000101000100001001000 001001000100100100001001000 001001000100000100001001010 001001000100000100001001001 001001000001001100001001000 001001000000101100001001000 001001000000001100001001001 ]
155 [ 010000001100000010010110000 010000001000000010010110100 ]
156 [ 010000001100000010010100100 ]
157 [ 010000001100000010010000101 ]
158 [ 010000001100000010001000101 010000001000000010011000101 001001000000100100101001000 001001000000000100001001101 ]
159 [ 010000001001100110100000000 010000001001100100100100000 010000001001000110001001000 010000001001000100001101000 010000001001000010001000101 010000001000000010001100101 001001000100100100100001000 001001000100001010010100000 001001000100001010000000101 001001000100001000001000011 001001000100000010010101000 001001000100000010000001101 001001000100000000001001101 001001000000101100100001000 001001000000001000001001101 ]
160 [ 010000001001100110000100000 010000001001000110000101000 010000001001000010000100101 001001000101001100000001000 001001000100101100000001000 001001000100001010010001000 001001000100001010000001100 001001000100001000001001001 ]
161 [ 010000001001100110000001000 010000001001100100000101000 001001000101100100000001000 001001000100001010010000100 001001000100000010010001100 001001000100000000001001011 001001000001101100000001000 ]
162 [ 010000001001100100100001000 010000001001100100001001000 001001000100000010010100100 001001000100000010010000101 001001000001100100100001000 001001000000000000001001111 ]
163 [ 010000001001000110010100000 ]
164 [ 010000001001000100001001010 010000001001000100001001001 010000001000000010001001101 010000001000000010001000111 001001000100000010010110000 001001000100000010001000101 001001000000001000001000111 001001000000000010001001101 ]
165 [ 010000001000000010010100101 ]
166 [ 010000000101100110100000000 010000000101000110001001000 010000000001100110110000000 010000000001100110100000100 010000000001100100110100000 010000000001100100100110000 010000000001000110011001000 010000000001000110001001100 010000000001000110001000101 010000000001000100011101000 010000000001000100001111000 010000000000000010001110101 001000000100100110100001000 001000000100001010010100010 001000000100001010001000011 001000000100001010000000111 001000000100000110010101000 001000000100000110000001101 001000000100000010011101000 001000000000101100100001010 ]
167 [ 010000000101100110010000000 010000000101100110000000100 010000000101000110010001000 010000000101000110000001100 010000000001100110010000100 010000000001100100010110000 010000000001000110010001100 010000000001000100010111000 001000000100000110011001000 001000000100000110001001100 ]
168 [ 010000000101100110000100000 010000000101000110000101000 010000000001100110000110000 010000000001100110000100100 010000000001000110000111000 010000000001000110000101100 010000000001000110000100101 010000000001000010000110101 001000000101001110000001000 001000000101001100000001010 001000000100101110000001000 001000000100101100000001010 001000000100001110010001000 001000000100001110000001100 001000000100001010011001000 001000000100001010010001010 001000000100001010001001100 001000000100001010001001001 001000000100001010000001110 ]
169 [ 010000000101100110000001000 010000000001100110010001000 010000000001100110000001100 010000000001100100010101000 010000000001100100000111000 001000000101100110000001000 001000000100001010010000110 001000000100000110010001100 001000000100000010011001100 001000000100000010001001011 001000000001101100000001010 ]
170 [ 010000000101000110010100000 010000000001000110010110000 010000000001000110010100100 ]
171 [ 010000000101000110010000100 ]
172 [ 010000000101000110000110000 010000000001000110000110100 001000000100001110000001010 ]
173 [ 010000000101000110000000101 010000000100000010000110101 010000000001000110010000101 001000000101000110001001000 001000000100100110001001000 001000000100000110001001010 001000000100000110001001001 ]
174 [ 010000000101000010010110000 010000000001000010010110100 ]
175 [ 010000000101000010010100100 ]
176 [ 010000000101000010010000101 ]
177 [ 010000000101000010001000101 010000000100000010001100101 010000000001000010011000101 001000000100100100101001000 001000000100000100001001101 001000000000101100101001000 001000000000001100001001101 ]
178 [ 010000000101000010000100101 001000000101001100001001000 001000000100101100001001000 001000000100001100001001001 ]
179 [ 010000000100000010011000101 ]
180 [ 010000000100000010010110100 ]
181 [ 010000000100000010010100101 ]
182 [ 010000000100000010001001101 010000000100000010001000111 010000000000000010011001101 010000000000000010011000111 001000000000000110001001101 ]
183 [ 010000000001100110100100000 010000000001000110001101000 010000000001000010001100101 001000000100101100100001000 001000000100001010010101000 001000000100001010000001101 001000000100001000001001101 ]
184 [ 010000000001100110100001000 010000000001100110001001000 010000000001100100100101000 010000000001100100001101000 001000000101100100100001000 001000000100001010010100100 001000000100001010010000101 001000000100000010010101100 001000000100000010010001101 001000000100000000001001111 001000000001101100100001000 ]
185 [ 010000000001100110010100000 010000000001000110010101000 ]
186 [ 010000000001100110000101000 001000000101101100000001000 001000000100001010010001100 ]
187 [ 010000000001100110000000101 010000000001000110000001101 001000000101000110010001000 001000000101000110000001100 001000000100100110010001000 001000000100100110000001100 001000000100001010011000010 001000000100001010001000110 001000000100000010011001010 001000000100000010011001001 001000000100000010001001110 ]
188 [ 010000000001100100101001000 001000000100000010010100101 ]
189 [ 010000000001100100001001010 010000000001100100001001001 001000000100000010011000101 001000000100000010010110100 001000000000000010001001111 ]
190 [ 010000000001001100001001010 010000000001000100001001101 010000000000001010001000111 010000000000000110001001101 001000000100000010001000111 001000000000001010001000111 001000000000000010011001101 000000100000100100101001010 000000100000100100101001001 ]
191 [ 010000000001000110001001010 010000000001000110001001001 010000000001000100001101010 010000000001000100001101001 010000000001000010001001101 010000000001000010001000111 010000000000000010001101101 010000000000000010001100111 001000000100001010010110000 001000000100001010001000101 001000000100001000001000111 001000000100000010010111000 001000000000001010001001101 ]
192 [ 010000000001000100001001011 010000000000000010001001111 ]
193 [ 010000000001000010010100101 ]
194 [ 010000000000000010011100101 ]
195 [ 010000000000000010010110101 ]
196 [ 001001000100001000001001010 ]
197 [ 001001000001100100001001000 001001000000000100001001011 ]
198 [ 001001000001000100001001010 001001000001000100001001001 001001000000100100001001010 001001000000100100001001001 ]
199 [ 001001000000001100001001010 001000000100001100001001010 ]
200 [ 001001000000001000001001011 ]
201 [ 001000100000100100101001000 ]
202 [ 001000000101100100001001000 001000000100000100001001011 001000000001101100001001000 ]
203 [ 001000000101000100001001010 001000000101000100001001001 001000000100100100001001010 001000000100100100001001001 001000000001001100001001001 001000000000101100001001001 ]
204 [ 001000000100001010001001010 ]
205 [ 001000000100001000001001011 ]
206 [ 001000000100000010001001101 ]
207 [ 001000000001100100101001000 001000000000000100001001111 ]
208 [ 001000000001100100001001010 001000000001100100001001001 001000000001000100001001011 001000000000100100001001011 ]
209 [ 001000000001001100001001010 001000000000101100001001010 ]
210 [ 001000000001000100001001101 001000000000100100101001010 001000000000100100101001001 001000000000100100001001101 ]
211 [ 001000000000001100001001011 ]
212 [ 001000000000001000001001111 ]
213 [ 000000100001100100101001000 ]
214 [ 000000000100001010001000111 000000000100000110001001101 000000000001000110001001101 000000000000101100101001010 000000000000100110001001101 000000000000100100101001101 000000000000001010011000111 000000000000000110011001101 000000000000000010011110101 000000000000000010011101101 000000000000000010011100111 ]
215 [ 000000000100000010011100101 000000000100000010010110101 000000000001100100101001010 000000000001100100101001001 000000000001001100001001011 000000000001000100001001111 000000000000101100001001011 000000000000100100001001111 000000000000001010001001111 000000000000000110001001111 ]
216 [ 000000000100000010011001101 000000000100000010011000111 000000000100000010001001111 000000000001101100001001010 000000000001100100001001101 000000000000100100101001011 000000000000000010011001111 ]
217 [ 000000000001100100001001011 ]
218 [ 000000000000001100001001111 ]
219 [ 011001001101001010000000000 011001001101000010000001000 011001001100001010000100000 011001001100000010000101000 ]
220 [ 011001001101000110000000000 011001001100001010000000010 011001001100000110000001000 011001001100000010001001000 011001001100000010000110000 ]
221 [ 011001001101000100000001000 011001001001001100000001000 011001001001000110000001000 011001001001000100000101000 ]
222 [ 011001001101000010010000000 011001001101000010000000100 011001001100000010000100100 ]
223 [ 011001001101000010000100000 011001001100001010000001000 ]
224 [ 011001001100001010010000000 011001001100001010000000100 011001001100000010010001000 011001001100000010000001100 ]
225 [ 011001001100000010010100000 ]
226 [ 011001001100000010010000100 ]
227 [ 011001001100000010000000101 ]
228 [ 011001001001100100000001000 ]
229 [ 011001001001000100001001000 ]
230 [ 011001000101100110000000000 011000001100100110000001000 011000001100001010001000010 011000001100000010001001010 011000001100000010001001001 ]
231 [ 011001000101100100000001000 011001000001101100000001000 011000001001100110000001000 011000001001100100000101000 ]
232 [ 011001000101001110000000000 011001000100001010000110000 011001000100000010000111000 011000001101001010000000010 011000001101000010001001000 011000001100001010000100010 011000001100000110000101000 011000001100000010001101000 ]
233 [ 011001000101001100000001000 011000001001000110000101000 ]
234 [ 011001000101001010010000000 011001000101001010000000100 011001000101000010010001000 011001000101000010000001100 011001000100001010000100100 011001000100000010000101100 ]
235 [ 011001000101001010000100000 011001000101000010000101000 011000001101001010000001000 011000001100001010000101000 ]
236 [ 011001000101001010000001000 011001000100001010000101000 011000001101001010000100000 011000001101000010000101000 ]
237 [ 011001000101001010000000010 011001000101000010001001000 011001000100001010000100010 011001000100000110000101000 011001000100000010001101000 011000001101001110000000000 011000001100001010000110000 011000001100000010000111000 ]
238 [ 011001000101000110010000000 011001000101000110000000100 011001000100000010000110100 ]
239 [ 011001000101000110000100000 011001000101000010000110000 011000001100001110000001000 011000001100001010001001000 011000001100001010000001010 ]
240 [ 011001000101000110000001000 011000001101000110000001000 ]
241 [ 011001000101000100001001000 011001000001001100001001000 ]
242 [ 011001000101000100000101000 011001000001001110000001000 011001000001001100000101000 011000001101000100000101000 011000001001001110000001000 011000001001001100000101000 ]
243 [ 011001000101000010010100000 ]
244 [ 011001000101000010010000100 ]
245 [ 011001000101000010000100100 ]
246 [ 011001000101000010000000101 011001000100000010000100101 ]
247 [ 011001000100100110000001000 011001000100001010001000010 011001000100000010001001010 011001000100000010001001001 011000001101100110000000000 ]
248 [ 011001000100001110000001000 011001000100001010001001000 011001000100001010000001010 011000001101000110000100000 011000001101000010000110000 ]
249 [ 011001000100001010010100000 011001000100000010010101000 ]
250 [ 011001000100001010010001000 011001000100001010000001100 ]
251 [ 011001000100001010010000100 011001000100000010010001100 ]
252 [ 011001000100001010010000010 011001000100001010000000110 011001000100000110010001000 011001000100000110000001100 011001000100000010011001000 011001000100000010001001100 ]
253 [ 011001000100001010000000101 011001000100000010000001101 ]
254 [ 011001000100000110001001000 ]
255 [ 011001000100000010010110000 ]
256 [ 011001000100000010010100100 ]
257 [ 011001000100000010010000101 ]
258 [ 011001000100000010001000101 ]
259 [ 011001000001100110000001000 011001000001100100000101000 011000001101100100000001000 011000001001101100000001000 ]
260 [ 011001000001100100100001000 011000001001100100100001000 ]
261 [ 011001000001100100001001000 ]
262 [ 011001000001001100000001010 011000001001000110010001000 011000001001000110000001100 011000001001000100010101000 011000001001000100000111000 ]
263 [ 011001000001000110010001000 011001000001000110000001100 011001000001000100010101000 011001000001000100000111000 011000001001001100000001010 ]
264 [ 011001000001000110001001000 011001000001000100001101000 ]
265 [ 011001000001000110000101000 011000001101001100000001000 ]
266 [ 011001000001000100001001010 011001000001000100001001001 ]
267 [ 011001000000000010001001101 011000001000000010001001101 ]
268 [ 011000100001100100100001000 ]
269 [ 011000001101001010010000000 011000001101001010000000100 011000001101000010010001000 011000001101000010000001100 011000001100001010000100100 011000001100000010000101100 ]
270 [ 011000001101000110010000000 011000001101000110000000100 011000001100000010000110100 ]
271 [ 011000001101000100001001000 011000001001001100001001000 ]
272 [ 011000001101000010010100000 ]
273 [ 011000001101000010010000100 ]
274 [ 011000001101000010000100100 ]
275 [ 011000001101000010000000101 011000001100000010000100101 ]
276 [ 011000001100001010010100000 011000001100000010010101000 ]
277 [ 011000001100001010010001000 011000001100001010000001100 ]
278 [ 011000001100001010010000100 011000001100000010010001100 ]
279 [ 011000001100001010010000010 011000001100001010000000110 011000001100000110010001000 011000001100000110000001100 011000001100000010011001000 011000001100000010001001100 ]
280 [ 011000001100001010000000101 011000001100000010000001101 ]
281 [ 011000001100000110001001000 ]
282 [ 011000001100000010010110000 ]
283 [ 011000001100000010010100100 ]
284 [ 011000001100000010010000101 ]
285 [ 011000001100000010001000101 ]
286 [ 011000001001100100001001000 ]
287 [ 011000001001000110001001000 011000001001000100001101000 ]
288 [ 011000001001000100001001010 011000001001000100001001001 ]
289 [ 011000000101101110000000000 011000000101001010001000010 011000000101000010001001010 011000000101000010001001001 011000000100100110000101000 011000000100001010001100010 011000000100000010001101010 011000000100000010001101001 ]
290 [ 011000000101101100000001000 011000000001100110000101000 ]
291 [ 011000000101100110100000000 011000000100100110100001000 011000000100001010001000011 ]
292 [ 011000000101100110010000000 011000000101100110000000100 ]
293 [ 011000000101100110000100000 011000000100101110000001000 011000000100001010001001001 ]
294 [ 011000000101100110000001000 ]
295 [ 011000000101100100100001000 011000000001101100100001000 011000000001100110100001000 011000000001100100100101000 ]
296 [ 011000000101100100001001000 011000000001101100001001000 ]
297 [ 011000000101100100000101000 011000000001101110000001000 011000000001101100000101000 ]
298 [ 011000000101001110010000000 011000000101001110000000100 011000000100001010000110100 011000000100000010000111100 ]
299 [ 011000000101001110000100000 011000000101001010001001000 011000000101001010000110000 011000000101001010000001010 011000000101000010000111000 011000000100001110000101000 011000000100001010001101000 011000000100001010000101010 ]
300 [ 011000000101001110000001000 011000000101000110000101000 ]
301 [ 011000000101001110000000010 011000000100001010000110010 011000000100000110000111000 011000000100000010001111000 ]
302 [ 011000000101001100001001000 ]
303 [ 011000000101001100000101000 011000000001001110000101000 ]
304 [ 011000000101001100000001010 011000000001000110000111000 011000000001000110000101100 ]
305 [ 011000000101001010010100000 011000000101000010010101000 ]
306 [ 011000000101001010010001000 011000000101001010000001100 011000000100001010000101100 ]
307 [ 011000000101001010010000100 011000000101000010010001100 ]
308 [ 011000000101001010010000010 011000000101001010000000110 011000000101000010011001000 011000000101000010001001100 011000000100001010000100110 011000000100000110000101100 011000000100000010001101100 ]
309 [ 011000000101001010000101000 ]
310 [ 011000000101001010000100100 011000000101000010000101100 ]
311 [ 011000000101001010000100010 011000000101000010001101000 011000000100001010000111000 ]
312 [ 011000000101001010000000101 011000000101000010000001101 011000000100001010000100101 011000000100000010000101101 ]
313 [ 011000000101000110010100000 ]
314 [ 011000000101000110010001000 011000000101000110000001100 ]
315 [ 011000000101000110010000100 ]
316 [ 011000000101000110001001000 ]
317 [ 011000000101000110000110000 011000000100001110000001010 ]
318 [ 011000000101000110000100100 011000000101000010000110100 ]
319 [ 011000000101000110000000101 011000000100000010000110101 ]
320 [ 011000000101000100010101000 011000000101000100000111000 011000000001001110010001000 011000000001001110000001100 011000000001001110000001010 011000000001001100010101000 011000000001001100000111000 011000000001001100000101010 ]
321 [ 011000000101000100001101000 011000000001001110001001000 011000000001001100001101000 ]
322 [ 011000000101000100001001010 011000000101000100001001001 011000000001001100001001001 ]
323 [ 011000000101000010010110000 ]
324 [ 011000000101000010010100100 ]
325 [ 011000000101000010010000101 ]
326 [ 011000000101000010001000101 011000000100000010001100101 ]
327 [ 011000000101000010000100101 ]
328 [ 011000000100100110010001000 011000000100100110000001100 011000000100001010011000010 011000000100001010001000110 011000000100000010011001010 011000000100000010011001001 011000000100000010001001110 ]
329 [ 011000000100100110001001000 011000000100000110001001010 011000000100000110001001001 ]
330 [ 011000000100001110010001000 011000000100001110000001100 011000000100001010011001000 011000000100001010010001010 011000000100001010001001100 011000000100001010000001110 ]
331 [ 011000000100001110001001000 ]
332 [ 011000000100001010010110000 011000000100000010010111000 ]
333 [ 011000000100001010010101000 ]
334 [ 011000000100001010010100100 011000000100000010010101100 ]
335 [ 011000000100001010010100010 011000000100000110010101000 011000000100000010011101000 ]
336 [ 011000000100001010010001100 ]
337 [ 011000000100001010010000110 011000000100000110010001100 011000000100000010011001100 ]
338 [ 011000000100001010010000101 011000000100000010010001101 ]
339 [ 011000000100001010001001010 ]
340 [ 011000000100001010001000101 ]
341 [ 011000000100001010000001101 ]
342 [ 011000000100001010000000111 011000000100000110000001101 ]
343 [ 011000000100000110011001000 011000000100000110001001100 ]
344 [ 011000000100000110001101000 ]
345 [ 011000000100000010011000101 ]
346 [ 011000000100000010010110100 ]
347 [ 011000000100000010010100101 ]
348 [ 011000000100000010001001101 ]
349 [ 011000000100000010001001011 ]
350 [ 011000000100000010001000111 ]
351 [ 011000000001101100000001010 011000000001100110010001000 011000000001100110000001100 011000000001100100010101000 011000000001100100000111000 ]
352 [ 011000000001100110001001000 011000000001100100001101000 ]
353 [ 011000000001100100101001000 ]
354 [ 011000000001100100001001010 011000000001100100001001001 ]
355 [ 011000000001001100001001010 ]
356 [ 011000000001000110011001000 011000000001000110001001100 011000000001000100011101000 011000000001000100001111000 ]
357 [ 011000000001000110010101000 ]
358 [ 011000000001000110010001100 011000000001000100010111000 ]
359 [ 011000000001000110001101000 ]
360 [ 011000000001000110001001010 011000000001000110001001001 011000000001000100001101010 011000000001000100001101001 ]
361 [ 011000000001000110000001101 ]
362 [ 011000000001000100001001101 ]
363 [ 011000000001000100001001011 ]
364 [ 011000000001000010001001101 011000000000001010001001101 011000000000000010001101101 ]
365 [ 011000000000001010001000111 ]
366 [ 011000000000000110001001101 011000000000000010011001101 ]
367 [ 011000000000000010001001111 ]
368 [ 010000101001100110100000000 010000101001100100100100000 001001100100100100100001000 001001100000101100100001000 ]
369 [ 010000101001100100100001000 001001100001100100100001000 ]
370 [ 010000100101100110100000000 010000100001100110110000000 010000100001100110100000100 010000100001100100110100000 010000100001100100100110000 001000100100100110100001000 001000100000101100100001010 ]
371 [ 010000100001100110100100000 001000100100101100100001000 ]
372 [ 010000100001100110100001000 010000100001100100100101000 001000100101100100100001000 001000100001101100100001000 ]
373 [ 010000100001100100101001000 ]
374 [ 010000001101100110100000000 010000001101000110001001000 010000001001100110110000000 010000001001100110100000100 010000001001100100110100000 010000001001100100100110000 010000001001000110011001000 010000001001000110001001100 010000001001000110001000101 010000001001000100011101000 010000001001000100001111000 010000001000000010001110101 001001000100100110100001000 001001000100001010010100010 001001000100001010001000011 001001000100001010000000111 001001000100000110010101000 001001000100000110000001101 001001000100000010011101000 001001000000101100100001010 ]
375 [ 010000001101100110010000000 010000001101100110000000100 010000001101000110010001000 010000001101000110000001100 010000001001100110010000100 010000001001100100010110000 010000001001000110010001100 010000001001000100010111000 001001000100000110011001000 001001000100000110001001100 ]
376 [ 010000001101100110000100000 010000001101000110000101000 010000001001100110000110000 010000001001100110000100100 010000001001000110000111000 010000001001000110000101100 010000001001000110000100101 010000001001000010000110101 001001000101001110000001000 001001000101001100000001010 001001000100101110000001000 001001000100101100000001010 001001000100001110010001000 001001000100001110000001100 001001000100001010011001000 001001000100001010010001010 001001000100001010001001100 001001000100001010001001001 001001000100001010000001110 ]
377 [ 010000001101100110000001000 010000001001100110010001000 010000001001100110000001100 010000001001100100010101000 010000001001100100000111000 001001000101100110000001000 001001000100001010010000110 001001000100000110010001100 001001000100000010011001100 001001000100000010001001011 001001000001101100000001010 ]
378 [ 010000001101000110010100000 010000001001000110010110000 010000001001000110010100100 ]
379 [ 010000001101000110010000100 ]
380 [ 010000001101000110000110000 010000001001000110000110100 001001000100001110000001010 ]
381 [ 010000001101000110000100100 010000001101000010000110100 001001000100001110001001000 ]
382 [ 010000001101000110000000101 010000001100000010000110101 010000001001000110010000101 001001000101000110001001000 001001000100100110001001000 001001000100000110001001010 001001000100000110001001001 ]
383 [ 010000001101000010010110000 010000001001000010010110100 ]
384 [ 010000001101000010010100100 ]
385 [ 010000001101000010010000101 ]
386 [ 010000001101000010001000101 010000001100000010001100101 010000001001000010011000101 001001000100100100101001000 001001000100000100001001101 001001000000101100101001000 001001000000001100001001101 ]
387 [ 010000001101000010000100101 001001000101001100001001000 001001000100101100001001000 001001000100001100001001001 ]
388 [ 010000001100000010011000101 ]
389 [ 010000001100000010010110100 ]
390 [ 010000001100000010010100101 ]
391 [ 010000001100000010001001101 010000001100000010001000111 010000001000000010011001101 010000001000000010011000111 001001000000000110001001101 ]
392 [ 010000001001100110100100000 010000001001000110001101000 010000001001000010001100101 001001000100101100100001000 001001000100001010010101000 001001000100001010000001101 001001000100001000001001101 ]
393 [ 010000001001100110100001000 010000001001100110001001000 010000001001100100100101000 010000001001100100001101000 001001000101100100100001000 001001000100001010010100100 001001000100001010010000101 001001000100000010010101100 001001000100000010010001101 001001000100000000001001111 001001000001101100100001000 ]
394 [ 010000001001100110010100000 010000001001000110010101000 ]
395 [ 010000001001100110000101000 001001000101101100000001000 001001000100001010010001100 ]
396 [ 010000001001100110000000101 010000001001000110000001101 010000000001100110000100101 010000000001000110000101101 001001000101000110010001000 001001000101000110000001100 001001000100100110010001000 001001000100100110000001100 001001000100001010011000010 001001000100001010001000110 001001000100000010011001010 001001000100000010011001001 001001000100000010001001110 001000000101001110010001000 001000000101001110000001100 001000000100101110010001000 001000000100101110000001100 001000000100001010011001001 ]
397 [ 010000001001100100101001000 001001000100000010010100101 ]
398 [ 010000001001100100001001010 010000001001100100001001001 001001000100000010011000101 001001000100000010010110100 001001000000000010001001111 ]
399 [ 010000001001001100001001010 010000001001000100001001101 010000001000001010001000111 010000001000000110001001101 001001000100000010001000111 001001000000001010001000111 001001000000000010011001101 ]
400 [ 010000001001000110001001010 010000001001000110001001001 010000001001000100001101010 010000001001000100001101001 010000001001000010001001101 010000001001000010001000111 010000001000000010001101101 010000001000000010001100111 001001000100001010010110000 001001000100001010001000101 001001000100001000001000111 001001000100000010010111000 001001000000001010001001101 ]
401 [ 010000001001000100001001011 010000001000000010001001111 ]
402 [ 010000001001000010010100101 ]
403 [ 010000001000000010011100101 ]
404 [ 010000001000000010010110101 ]
405 [ 010000000101100110110000000 010000000101100110100000100 010000000101000110011001000 010000000101000110001001100 010000000001100110110000100 010000000001100100110110000 010000000001000110011001100 010000000001000100011111000 001000000100000110011101000 ]
406 [ 010000000101100110100100000 010000000101000110001101000 010000000001100110100110000 010000000001100110100100100 010000000001000110001111000 010000000001000110001101100 010000000001000110001100101 010000000001000010001110101 001000000100101110100001000 001000000100101100100001010 001000000100001110010101000 001000000100001110000001101 001000000100001010011101000 001000000100001010010101010 001000000100001010000001111 ]
407 [ 010000000101100110100001000 010000000101100110001001000 010000000001100110110001000 010000000001100110100001100 010000000001100110011001000 010000000001100110001001100 010000000001100100110101000 010000000001100100100111000 010000000001100100011101000 010000000001100100001111000 001000000101100110100001000 001000000100001010010100110 001000000100001010010000111 001000000100000110010101100 001000000100000110010001101 001000000100000010011101100 001000000001101100100001010 ]
408 [ 010000000101100110010100000 010000000101000110010101000 010000000001100110010110000 010000000001100110010100100 010000000001000110010111000 010000000001000110010101100 ]
409 [ 010000000101100110010001000 010000000101100110000001100 010000000001100110010001100 010000000001100100010111000 001000000100000110011001100 ]
410 [ 010000000101100110010000100 010000000101000110010001100 ]
411 [ 010000000101100110000110000 010000000101000110000111000 010000000001100110000110100 010000000001000110000111100 010000000001000110000110101 001000000101001110000001010 001000000100101110000001010 001000000100001110010001010 001000000100001110000001110 ]
412 [ 010000000101100110000101000 010000000001100110000111000 010000000001100110000101100 001000000101101110000001000 001000000101101100000001010 001000000100001110010001100 001000000100001010011001100 001000000100001010010001110 ]
413 [ 010000000101100110000100100 010000000101000110000101100 001000000100001110011001000 001000000100001110001001100 ]
414 [ 010000000101100110000000101 010000000101000110000001101 010000000001100110010000101 010000000001000110010001101 001000000101000110011001000 001000000101000110001001100 001000000100100110011001000 001000000100100110001001100 001000000100000110011001010 001000000100000110011001001 001000000100000110001001110 ]
415 [ 010000000101000110010110000 010000000001000110010110100 ]
416 [ 010000000101000110010100100 ]
417 [ 010000000101000110010000101 ]
418 [ 010000000101000110001001010 010000000101000110001001001 010000000001000110011001010 010000000001000110011001001 010000000001000110001001110 010000000001000110001000111 010000000001000100011101010 010000000001000100011101001 010000000001000100001111010 010000000001000100001111001 010000000000000010001111101 010000000000000010001110111 001000000100001010010110010 001000000100000110010111000 001000000100000010011111000 ]
419 [ 010000000101000110001000101 010000000100000010001110101 010000000001000110011000101 001000000100100110101001000 ]
420 [ 010000000101000110000110100 ]
421 [ 010000000101000110000100101 010000000101000010000110101 001000000101001110001001000 001000000100101110001001000 001000000100001110001001001 ]
422 [ 010000000101000010011000101 ]
423 [ 010000000101000010010110100 ]
424 [ 010000000101000010010100101 ]
425 [ 010000000101000010001100101 001000000100101100101001000 001000000100001100001001101 ]
426 [ 010000000101000010001001101 010000000101000010001000111 010000000100000010001101101 010000000100000010001100111 010000000001000010011001101 010000000001000010011000111 001000000000001110001001101 ]
427 [ 010000000100001010001000111 010000000100000110001001101 010000000000001010011000111 010000000000000110011001101 001000000000000110011001101 ]
428 [ 010000000100000010011100101 ]
429 [ 010000000100000010011001101 010000000100000010011000111 ]
430 [ 010000000100000010010110101 ]
431 [ 010000000100000010001001111 010000000000000010011001111 ]
432 [ 010000000001101100001001010 010000000001100100001001101 001000000100000010011000111 001000000000000010011001111 ]
433 [ 010000000001100110110100000 010000000001000110011101000 ]
434 [ 010000000001100110101001000 010000000001100100101101000 001000000100001010010100101 001000000100000010010101101 ]
435 [ 010000000001100110100101000 010000000001100110001101000 001000000101101100100001000 001000000100001010010101100 001000000100001010010001101 ]
436 [ 010000000001100110100000101 010000000001100110001000101 001000000101000110010101000 001000000101000110000001101 001000000100100110110001000 001000000100100110100001100 001000000100100110010101000 001000000100100110000001101 001000000100001010011100010 001000000100001010011000011 001000000100000010011101010 001000000100000010011101001 ]
437 [ 010000000001100110010101000 ]
438 [ 010000000001100110001001010 010000000001100110001001001 010000000001100100001101010 010000000001100100001101001 001000000100001010011000101 001000000100001010010110100 001000000100000010010111100 ]
439 [ 010000000001100110000001101 001000000101100110010001000 001000000101100110000001100 001000000101000110010001100 001000000100100110010001100 001000000100001010011000110 001000000100000010011001110 001000000100000010011001011 ]
440 [ 010000000001100100101001010 010000000001100100101001001 001000000100000010011100101 001000000100000010010110101 ]
441 [ 010000000001100100001001011 ]
442 [ 010000000001001110001001010 010000000001001100001101010 010000000001001010001000111 010000000001000100001101101 010000000000001010001100111 010000000000000110001101101 001000000000001010011001101 ]
443 [ 010000000001001100001001011 010000000001000100001001111 010000000000001010001001111 010000000000000110001001111 ]
444 [ 010000000001000110010100101 ]
445 [ 010000000001000110001101010 010000000001000110001101001 010000000001000010001101101 010000000001000010001100111 001000000100001010010111000 ]
446 [ 010000000001000110001001101 001000000100001010001000111 ]
447 [ 010000000001000110001001011 010000000001000100001101011 010000000001000010001001111 010000000000000010001101111 ]
448 [ 010000000001000010011100101 ]
449 [ 010000000001000010010110101 ]
450 [ 010000000000100110001001101 001000000000001010011000111 001000000000000010011101101 000000100000101100101001010 000000100000100100101001101 ]
451 [ 010000000000000010011110101 ]
452 [ 010000000000000010011101101 010000000000000010011100111 ]
453 [ 001001100000100100101001000 ]
454 [ 001001000101100100001001000 001001000100000100001001011 001001000001101100001001000 ]
455 [ 001001000101000100001001010 001001000101000100001001001 001001000100100100001001010 001001000100100100001001001 001001000001001100001001001 001001000000101100001001001 001000000101001100001001001 001000000100101100001001001 ]
456 [ 001001000100001100001001010 ]
457 [ 001001000100001010001001010 ]
458 [ 001001000100001000001001011 ]
459 [ 001001000100000010001001101 001000000100001010001001101 ]
460 [ 001001000001100100101001000 001001000000000100001001111 ]
461 [ 001001000001100100001001010 001001000001100100001001001 001001000001000100001001011 001001000000100100001001011 ]
462 [ 001001000001001100001001010 001001000000101100001001010 ]
463 [ 001001000001000100001001101 001001000000100100101001010 001001000000100100101001001 001001000000100100001001101 ]
464 [ 001001000000001100001001011 ]
465 [ 001001000000001000001001111 ]
466 [ 001000100100100100101001000 001000100000101100101001000 ]
467 [ 001000100001100100101001000 ]
468 [ 001000100000100100101001010 001000100000100100101001001 ]
469 [ 001000000101101100001001000 ]
470 [ 001000000101100110001001000 001000000100000110001001011 ]
471 [ 001000000101100100101001000 001000000100000100001001111 001000000001101100101001000 ]
472 [ 001000000101100100001001010 001000000101100100001001001 001000000101000100001001011 001000000100100100001001011 001000000001101100001001001 ]
473 [ 001000000101001100001001010 001000000100101100001001010 ]
474 [ 001000000101000110001001010 001000000101000110001001001 001000000100100110001001010 001000000100100110001001001 ]
475 [ 001000000101000100001001101 001000000100100100101001010 001000000100100100101001001 001000000100100100001001101 001000000001001100001001101 001000000000101100101001001 001000000000101100001001101 ]
476 [ 001000000100001110001001010 ]
477 [ 001000000100001100001001011 ]
478 [ 001000000100001010011001010 001000000100001010001001110 ]
479 [ 001000000100001010001001011 ]
480 [ 001000000100001000001001111 ]
481 [ 001000000100000110001001101 ]
482 [ 001000000100000010011001101 001000000100000010001001111 ]
483 [ 001000000001101100001001010 ]
484 [ 001000000001100100101001010 001000000001100100101001001 001000000001000100001001111 001000000000100100001001111 ]
485 [ 001000000001100100001001101 001000000000100100101001011 ]
486 [ 001000000001100100001001011 ]
487 [ 001000000001001100001001011 001000000000101100001001011 ]
488 [ 001000000001000110001001101 001000000000100110001001101 ]
489 [ 001000000000101100101001010 ]
490 [ 001000000000100100101001101 ]
491 [ 001000000000001100001001111 ]
492 [ 001000000000001010001001111 ]
493 [ 001000000000000110001001111 ]
494 [ 000000100001100100101001010 000000100001100100101001001 ]
495 [ 000000100000100100101001011 ]
496 [ 000000000101000110001001101 000000000100100110001001101 000000000001000110011001101 000000000000100110101001101 000000000000100110011001101 000000000000001010011100111 000000000000000110011101101 000000000000000010011111101 000000000000000010011110111 ]
497 [ 000000000100001010011000111 000000000100000110011001101 000000000001100110001001101 000000000000000010011101111 ]
498 [ 000000000100001010001001111 000000000100000110001001111 000000000100000010011101101 000000000100000010011100111 000000000001101100101001010 000000000001100100101001101 000000000000101100101001011 000000000000100100101001111 000000000000001010011001111 000000000000000110011001111 ]
499 [ 000000000100000010011110101 000000000001000110001001111 000000000000100110001001111 ]
500 [ 000000000100000010011001111 ]
501 [ 000000000001101100001001011 000000000001100100101001011 000000000001100100001001111 ]
502 [ 000000000001001100001001111 000000000000101100001001111 000000000000001110001001111 ]
