identifiant liste_combi 
0 [ 1000100010000000000 1000010000100000000 1000000000101000000 0100001001000000000 0100001000010000000 0010100010000000000 0010010001000000000 0010010000100000000 0010010000000100000 0010000010000000010 0001010001000000000 0001001001000000000 0001000100000001000 0001000100000000100 ]
1 [ 1000100000100000000 0010010010000000000 0001000101000000000 ]
2 [ 0000100010000000010 0000011001000000000 0000010001100000000 0000010001000100000 0000010000101000000 0000010000100100000 0000010000010100000 0000001001010000000 0000001000010100000 0000001000010010000 0000000100001000100 0000000100000001100 0000000100000000110 0000000010000000110 0000000000101000100 0000000000101000001 0000000000010110000 0000000000001000110 0000000000001000101 ]
3 [ 1010100010000000000 1010010000100000000 0101001001000000000 0011010001000000000 0000100010000000110 0000011001100000000 0000011001010000000 0000011001000100000 0000011000010100000 0000010001101000000 0000010001010100000 0000010000110100000 0000010000101100000 0000010000101000100 0000010000101000001 0000010000010110000 0000001001010100000 0000001001010010000 0000000110000000110 0000000100101000100 0000000100001001100 0000000100001000101 0000000100000001110 0000000010001000110 0000000000101000110 0000000000001000111 ]
4 [ 1000110000100000000 1000100010100000000 1000100000101000000 0010110010000000000 0010010011000000000 0010010010100000000 0010010010000100000 0010010010000000010 0001010101000000000 0001001101000000000 0001000101000001000 0001000101000000100 ]
5 [ 1000100010000000010 1000010001100000000 1000010000100100000 1000000000101000100 1000000000101000001 0100011001000000000 0100001000010100000 0100001000010010000 0010011001000000000 0010010000101000000 0010010000010100000 0010000010000000110 0001010001100000000 0001010001000100000 0001001001010000000 0001000100001000100 0001000100000000110 ]
6 [ 1000010000101000000 0100001001010000000 0010100010000000010 0010010001100000000 0010010001000100000 0010010000100100000 0001011001000000000 0001000100000001100 ]
7 [ 0000010001100100000 0000001000010110000 0000000100001000110 0000000000101000101 ]
8 [ 1010110010000000000 1010110000100000000 1010100010100000000 1010010010100000000 0101001101000000000 0011010101000000000 0011010011000000000 ]
9 [ 1010100010000000010 1010010001100000000 1010010000101000000 1010010000100100000 0101011001000000000 0101001001010000000 0011011001000000000 0011010001100000000 0011010001000100000 ]
10 [ 1001010001100000000 0110011001000000000 0000100110000000110 0000100010001000110 0000011001110000000 0000011001101000000 0000011001010010000 0000011000110100000 0000010100101000100 0000010001101000100 0000010001101000001 0000010001010110000 0000010000111100000 0000010000110110000 0000010000101100100 0000010000101100001 0000010000101000110 0000000110000001110 0000000100101001100 0000000100001001101 0000000010101000110 0000000010001000111 ]
11 [ 1000110010100000000 1000100010101000000 0010110011000000000 0010110010100000000 0010110010000100000 0010010011000000010 0010010010100000010 0010010010000100010 0001010101000001000 0001010101000000100 0001001101000001000 0001001101000000100 ]
12 [ 1000110001100000000 1000110000100100000 1000100010100000010 1000100000101000100 1000100000101000001 0010011011000000000 0010010010101000000 0010010010010100000 0010010010000000110 0001010101100000000 0001010101000100000 0001001101010000000 0001000101001000100 0001000101000000110 ]
13 [ 1000110000101000000 0010110010000000010 0010010011100000000 0010010011000100000 0010010010100100000 0001011101000000000 0001000101000001100 ]
14 [ 1000100010000000110 1000011001100000000 1000010000110100000 1000000100101000100 1000000000101000110 0100011001100000000 0100011001000100000 0100011000010100000 0010011001010000000 0010011000010100000 0010010000101000100 0010010000101000001 0010010000010110000 0010000110000000110 0010000010001000110 0001010001101000000 0001010001010100000 0001001001010100000 0001001001010010000 0001000110000000110 0001000100101000100 0001000100001000101 ]
15 [ 1000010001101000000 1000010000101100000 1000010000101000100 1000010000101000001 0100011001010000000 0100001001010100000 0100001001010010000 0010100010000000110 0010011001100000000 0010011001000100000 0010010001101000000 0010010001010100000 0010010000110100000 0010010000101100000 0001011001100000000 0001011001010000000 0001011001000100000 0001000100001001100 0001000100000001110 ]
16 [ 1000010001100100000 1000000000101000101 0100001000010110000 0001010001100100000 0001000100001000110 ]
17 [ 0010010001100100000 ]
18 [ 0000011001100100000 0000011000010110000 0000010001110100000 0000010001101100000 0000010000101000101 0000001001010110000 0000000110001000110 0000000100101000110 0000000100101000101 0000000100001001110 0000000100001000111 0000000000101000111 ]
19 [ 0000011001010100000 ]
20 [ 1100011001100000000 1001000100101000100 0110011000010100000 0011000110000000110 0000100110000001110 0000100010101000110 0000100010001000111 0000011001111000000 0000011001110010000 0000011001101000100 0000011001101000001 0000011000111100000 0000010101101000100 0000010100101100100 0000010100101001100 0000010010101000110 0000010001101000110 0000010000111110000 0000010000111100100 0000010000111100001 0000010000101100110 ]
21 [ 1011010001100000000 0111011001000000000 0000011001101100000 0000010100101000101 0000010001111100000 0000010000101000111 0000000110101000110 0000000110001001110 0000000110001000111 0000000100101001110 0000000100001001111 ]
22 [ 1010110011000000000 1010110010000100000 1010100010101000000 1010010010100000010 0101001101000001000 0101001101000000100 0011110011000000000 0011010101000001000 0011010101000000100 0011010011000000010 ]
23 [ 1010110010100000000 ]
24 [ 1010110010000000010 1010110000101000000 1010010011100000000 1010010010100100000 0101011101000000000 0011011101000000000 0011010011100000000 0011010011000100000 ]
25 [ 1010110001100000000 1010110000100100000 1010100010100000010 1010010010101000000 0101001101010000000 0011011011000000000 0011010101100000000 0011010101000100000 ]
26 [ 1010100010000000110 1010011001100000000 1010010000110100000 1010010000101000100 1010010000101000001 0101011001100000000 0101011001000100000 0101001001010100000 0101001001010010000 0011011001010000000 0011010001101000000 0011010001010100000 ]
27 [ 1010010001101000000 1010010000101100000 0101011001010000000 0011011001100000000 0011011001000100000 ]
28 [ 1010010001100100000 0011010001100100000 ]
29 [ 1001110001100000000 1001010101100000000 0110011011000000000 ]
30 [ 1001011001100000000 1001010001101000000 0110011001100000000 0110011001010000000 0110011001000100000 ]
31 [ 1001010001100100000 ]
32 [ 1000111001100000000 1000110000110100000 1000100100101000100 1000100010100000110 1000100000101000110 0010011011010000000 0010011010010100000 0010010110000000110 0010010010101000100 0010010010101000001 0010010010010110000 0010010010001000110 0001010101101000000 0001010101010100000 0001001101010100000 0001001101010010000 0001000111000000110 0001000101101000100 0001000101001000101 ]
33 [ 1000110011100000000 1000110010100100000 1000110010100000010 1000100010101000100 1000100010101000010 1000100010101000001 0010111011000000000 0010110010101000000 0010110010010100000 0010011011000000010 0010010011000000110 0010010010101000010 0010010010100000110 0010010010010100010 0010010010000100110 0001010101100001000 0001010101100000100 0001010101001000100 0001010101000101000 0001010101000100100 0001010101000000110 0001001101010001000 0001001101010000100 0001001101001000100 0001001101000000110 ]
34 [ 1000110010101000000 0010110011100000000 0010110011000100000 0010110011000000010 0010110010100100000 0010110010100000010 0010110010000100010 0010010011100000010 0010010011000100010 0010010010100100010 0001011101000001000 0001011101000000100 0001010101000001100 0001001101000001100 ]
35 [ 1000110001101000000 1000110000101100000 1000110000101000100 1000110000101000001 0010110010000000110 0010011011100000000 0010011011000100000 0010010011101000000 0010010011010100000 0010010010110100000 0010010010101100000 0001011101100000000 0001011101010000000 0001011101000100000 0001000101001001100 0001000101000001110 ]
36 [ 1000110001100100000 1000100000101000101 0001010101100100000 0001000101001000110 ]
37 [ 1000100110000000110 1000100010001000110 1000011001110000000 1000011000110100000 1000010000110110000 1000000100101001100 1000000010101000110 0100011001101000000 0100011000110100000 0010011001010010000 0010010100101000100 0010010000101000110 0010000110000001110 0010000010101000110 0010000010001000111 0001100110000000110 0001010100101000100 0001010001101000100 0001010001101000001 0001010001010110000 ]
38 [ 1000011001101000000 1000010100101000100 1000010000111100000 1000010000101000110 0100011001110000000 0010100110000000110 0010100010001000110 0010011001110000000 0010011000110100000 0010010001101000100 0010010001101000001 0010010001010110000 0010010000110110000 0010010000101100100 0010010000101100001 0001011001101000000 0001011001010010000 0001000110000001110 0001000100101001100 0001000100001001101 ]
39 [ 1000011001100100000 1000010001110100000 1000000100101000101 1000000000101000111 0100011000010110000 0001010001110100000 0001010001101100000 0001000110001000110 0001000100101000110 0001000100001000111 ]
40 [ 1000010001101100000 1000010000101000101 0100001001010110000 0001011001100100000 0001000100001001110 ]
41 [ 1000010001101000100 1000010001101000001 1000010000101100100 1000010000101100001 0100011001010010000 0010011001101000000 0010010000111100000 0001011001110000000 ]
42 [ 1000000100101000110 0100011001100100000 0010011000010110000 0010010000101000101 0010000110001000110 0001001001010110000 0001000100101000101 ]
43 [ 0100011001010100000 0010011001010100000 0001011001010100000 ]
44 [ 0011010111000000000 ]
45 [ 0010011001100100000 0010010001110100000 0010010001101100000 ]
46 [ 0010010011100100000 ]
47 [ 0000100110001000110 0000011000110110000 0000010100101000110 0000010001110110000 0000010001101100100 0000010001101100001 0000010001101000101 0000010000101100101 0000000100101001101 0000000010101000111 ]
48 [ 0000011001110100000 0000011001010110000 ]
49 [ 0000000100101000111 ]
50 [ 1110011001100000000 1101011001100000000 ]
51 [ 1100111001100000000 1001100100101000100 1001000101101000100 0110011010010100000 0011010110000000110 0011000111000000110 ]
52 [ 1100011001110000000 1100011001101000000 1001010100101000100 1001000100101001100 0110011000110100000 0011100110000000110 0011000110000001110 ]
53 [ 1100011001100100000 1001000100101000110 1001000100101000101 0110011000010110000 0011000110001000110 ]
54 [ 1100011000110100000 1010000010101000110 1001100110000000110 0011010100101000100 ]
55 [ 1011110011000000000 0000110010101000110 0000011101101000100 0000011001111010000 0000011001111000100 0000011001111000001 0000011001101000110 0000011000111100100 0000011000111100001 0000010101101001100 0000010100111100100 0000010100101101100 0000010011101000110 0000010010101100110 0000010000111110100 0000010000111110001 0000010000111100110 ]
56 [ 1011110001100000000 1011010101100000000 0111011011000000000 ]
57 [ 1011011001100000000 1011010001101000000 0111011001100000000 0111011001010000000 0111011001000100000 ]
58 [ 1011010011100000000 0111011101000000000 ]
59 [ 1011010001100100000 ]
60 [ 1010111011000000000 1010110010010100000 1010100010101000100 1010100010101000001 1010010010100000110 0101001101001000100 0101001101000000110 0011010101001000100 0011010101000000110 0011010011000000110 ]
61 [ 1010111001100000000 1010110000110100000 1010100010100000110 1010010010101000100 1010010010101000001 0101001101010100000 0101001101010010000 0011011011010000000 0011010101101000000 0011010101010100000 ]
62 [ 1010110011100000000 1010110010101000000 1010110010100100000 1010110010100000010 ]
63 [ 1010110011000100000 0101001101000001100 0011110011000000010 0011010101000001100 ]
64 [ 1010110011000000010 1010110010000100010 1010010011100000010 1010010010100100010 0101011101000001000 0101011101000000100 0011110011100000000 0011110011000100000 0011011101000001000 0011011101000000100 0011010011100000010 0011010011000100010 ]
65 [ 1010110010000000110 1010110000101000100 1010110000101000001 1010011011100000000 1010010010110100000 0101011101100000000 0101011101000100000 0011011101010000000 0011010011101000000 0011010011010100000 ]
66 [ 1010110001101000000 1010110000101100000 1010010011101000000 1010010010101100000 0101011101010000000 0011011101100000000 0011011101000100000 0011011011100000000 0011011011000100000 ]
67 [ 1010110001100100000 0011010101100100000 ]
68 [ 1010100110000000110 1010100010001000110 1010011001110000000 1010011000110100000 1010010100101000100 1010010000110110000 1010010000101000110 0101011001101000000 0011011001010010000 0011010001101000100 0011010001101000001 0011010001010110000 ]
69 [ 1010100010101000010 1010010010101000010 0101001101010001000 0101001101010000100 0011111011000000000 0011011011000000010 0011010101100001000 0011010101100000100 0011010101000101000 0011010101000100100 ]
70 [ 1010011001101000000 1010010001101000100 1010010001101000001 1010010000111100000 1010010000101100100 1010010000101100001 0101011001110000000 0101011001010010000 0011011001110000000 0011011001101000000 ]
71 [ 1010011001100100000 1010010001110100000 0011010001110100000 0011010001101100000 ]
72 [ 1010010011100100000 0011010011100100000 ]
73 [ 1010010001101100000 0011011001100100000 ]
74 [ 1010010000101000101 0101011001100100000 0101001001010110000 ]
75 [ 1001111001100000000 1001010101101000000 0110011011010000000 ]
76 [ 1001110101100000000 ]
77 [ 1001110011100000000 1001010101100001000 1001010101100000100 0110111011000000000 0110011011000000010 ]
78 [ 1001110001101000000 1001011101100000000 0110011011100000000 0110011011000100000 ]
79 [ 1001110001100100000 1001010101100100000 ]
80 [ 1001011001110000000 1001010001101000100 1001010001101000001 0110011001101000000 0110011001010010000 ]
81 [ 1001011001101000000 0110011001110000000 ]
82 [ 1001011001100100000 1001010001101100000 ]
83 [ 1001010001110100000 ]
84 [ 1000111011100000000 1000110010110100000 1000110010100000110 1000100110101000100 0010111011010000000 0010111010010100000 0010110010101000100 0010110010101000001 0010110010010110000 0010011011010000010 0010011010010100010 0010010111000000110 0010010110100000110 0010010110000100110 0010010011001000110 0010010010101000011 0010010010010110010 0010010010001100110 0001010111000000110 0001010101101001000 0001010101010101000 0001010101010100100 0001010101001000101 0001001111000000110 0001001101101000100 0001001101010101000 0001001101010100100 0001001101010011000 0001001101010010100 0001001101001000101 ]
85 [ 1000111001110000000 1000111000110100000 1000110000110110000 1000100110100000110 1000100100101001100 0010011011010010000 0010010110101000100 0010010110000001110 0010010010001000111 0001100111000000110 0001010101101000001 0001010101010110000 ]
86 [ 1000111001101000000 1000110100101000100 1000110000111100000 1000110000101000110 0010110110000000110 0010110010001000110 0010011011110000000 0010011010110100000 0010010011101000100 0010010011101000001 0010010011010110000 0010010010110110000 0010010010101100100 0010010010101100001 0001011101101000000 0001011101010010000 0001000111000001110 0001000101101001100 0001000101001001101 ]
87 [ 1000111001100100000 1000110001110100000 1000100100101000101 1000100000101000111 0001010101110100000 0001010101101100000 0001000111001000110 0001000101101000110 0001000101001000111 ]
88 [ 1000110011101000000 1000110010101100000 1000110010101000100 1000110010101000001 0010111011100000000 0010111011000100000 0010110011101000000 0010110011010100000 0010110011000000110 0010110010110100000 0010110010101100000 0010110010100000110 0010110010000100110 0010011011100000010 0010011011000100010 0010010011101000010 0010010011010100010 0010010010110100010 0010010010101100010 0001011101100001000 0001011101100000100 0001011101010001000 0001011101010000100 0001011101000101000 0001011101000100100 0001010101001001100 0001010101000001110 0001001101001001100 0001001101000001110 ]
89 [ 1000110011100100000 1000100010101000101 0001010101100101000 0001010101100100100 0001010101001000110 0001001101001000110 ]
90 [ 1000110011100000010 1000110010100100010 1000100010101000011 0010011011000000110 0010010010010100110 0001010101100000110 0001010101001100100 0001010101000100110 0001001101011000100 0001001101010000110 ]
91 [ 1000110010101000010 0010111011000000010 0010110010101000010 0010110010010100010 0010010011100000110 0010010011000100110 0010010010100100110 0001011101001000100 0001011101000000110 0001010101100001100 0001010101000101100 0001001101010001100 ]
92 [ 1000110001101100000 1000110000101000101 0001011101100100000 0001000101001001110 ]
93 [ 1000110001101000100 1000110001101000001 1000110000101100100 1000110000101100001 0010011011101000000 0010010010111100000 0001011101110000000 ]
94 [ 1000100110001000110 1000011000110110000 0010010100101000110 0010000010101000111 0001010001101000101 ]
95 [ 1000100110000001110 1000100010001000111 1000011001110010000 0100011001101000100 0100011001101000001 0100011000111100000 0010010100101001100 0001010100101100100 0001010001101000110 ]
96 [ 1000100100101000110 0010011010010110000 0010010110001000110 0010010010101000101 0001001101010110000 0001000101101000101 ]
97 [ 1000100010101000110 0010010010101000110 0001010101101000100 ]
98 [ 1000011001111000000 1000011000111100000 1000010100101001100 1000010010101000110 1000010000111110000 0100011001111000000 0010100110000001110 0010100010101000110 0010100010001000111 0010011001110010000 0010010101101000100 0010010100101100100 0010010001101000110 0010010000101100110 0001100110000001110 0001011001101000100 0001011001101000001 0001010100101001100 ]
99 [ 1000011001110100000 ]
100 [ 1000011001101100000 1000010100101000101 1000010001111100000 1000010000101000111 0001011001101100000 0001000110001001110 0001000100101001110 0001000100001001111 ]
101 [ 1000011001101000100 1000011001101000001 1000010101101000100 1000010100101100100 1000010001101000110 1000010000111100100 1000010000111100001 1000010000101100110 0100011001110010000 0010011001111000000 0010011001101000100 0010011001101000001 0010011000111100000 0010010000111110000 0010010000111100100 0010010000111100001 0001011001111000000 0001011001110010000 ]
102 [ 1000010100101000110 0010100110001000110 0010011000110110000 0010010001101000101 0010010000101100101 0001000100101001101 ]
103 [ 1000010001110110000 1000000100101001101 1000000010101000111 0100011000110110000 0001100110001000110 0001010100101000110 0001010001110110000 0001010001101100100 0001010001101100001 ]
104 [ 1000010001101100100 1000010001101100001 1000010001101000101 1000010000101100101 ]
105 [ 1000000110101000110 1000000100101001110 0100011001101100000 0010010100101000101 0010010000101000111 0010000110101000110 0010000110001001110 0010000110001000111 0001010100101000101 ]
106 [ 1000000100101000111 0001000100101000111 ]
107 [ 0110011001100100000 ]
108 [ 0110011001010100000 ]
109 [ 0101011001010100000 0011011001010100000 ]
110 [ 0100011001110100000 0010011001010110000 0001011001010110000 ]
111 [ 0100011001010110000 0001011001110100000 ]
112 [ 0011110111000000000 0011010111000001000 0011010111000000100 0011010111000000010 ]
113 [ 0011011111000000000 0011010111100000000 0011010111000100000 ]
114 [ 0010110011100100000 0010010011100100010 ]
115 [ 0010110011100000010 0010110011000100010 0010110010100100010 0001011101000001100 ]
116 [ 0010011011100100000 0010010011110100000 0010010011101100000 ]
117 [ 0010011011010100000 0001011101010100000 ]
118 [ 0010011001110100000 ]
119 [ 0010011001101100000 0010010001111100000 ]
120 [ 0010010001110110000 0010010001101100100 0010010001101100001 ]
121 [ 0001010001111100000 0001000110101000110 0001000110001000111 ]
122 [ 0000100110101000110 0000100110001001110 0000100110001000111 0000011001101100100 0000011001101100001 0000010110101000110 0000010101101000101 0000010100101100101 0000010100101001110 0000010100101001101 0000010010101000111 0000010001111110000 0000010001111100100 0000010001111100001 0000010001101000111 0000010000101100111 ]
123 [ 0000100010101000111 0000011001101000101 0000011000111110000 0000010101101100100 0000010101101000110 0000010100101100110 0000010001101100110 0000010000111100101 ]
124 [ 0000011001111100000 ]
125 [ 0000011001110110000 ]
126 [ 0000010100101000111 0000000110101000111 0000000100101001111 ]
127 [ 0000010001101100101 ]
128 [ 0000000110101001110 0000000110001001111 ]
129 [ 1111011001100000000 ]
130 [ 1110111011000000000 ]
131 [ 1110111001100000000 ]
132 [ 1110011011100000000 1101011101100000000 ]
133 [ 1110011001110000000 1101011001101000000 ]
134 [ 1110011001101000000 1101011001110000000 ]
135 [ 1110011001100100000 ]
136 [ 1110011000110100000 1011100110000000110 1011010100101000100 ]
137 [ 1101111001100000000 ]
138 [ 1101011001100100000 ]
139 [ 1100111011100000000 1001100110101000100 1001001101101000100 0110111010010100000 0110011010010100010 0011010110100000110 0011010110000100110 0011001111000000110 ]
140 [ 1100111001110000000 1001100100101001100 0011100111000000110 0011010110000001110 ]
141 [ 1100111001101000000 1001110100101000100 1001000101101001100 0110011010110100000 0011110110000000110 0011000111000001110 ]
142 [ 1100111001100100000 1001100100101000101 1001000101101000110 0011000111001000110 ]
143 [ 1100111000110100000 1001100111000000110 1001100110100000110 0011010110101000100 ]
144 [ 1100011001111000000 1001010100101001100 0011100110000001110 ]
145 [ 1100011001110100000 ]
146 [ 1100011001110010000 1100011001101000100 1100011001101000001 1001010100101100100 0110011000111100000 ]
147 [ 1100011001101100000 1001010100101000101 1001000100101001110 0011000110001001110 ]
148 [ 1100011000111100000 1001100110000001110 0011010100101100100 0011010100101001100 ]
149 [ 1100011000110110000 1010000010101000111 1001100110001000110 0011010100101000110 ]
150 [ 1011111011000000000 ]
151 [ 1011111001100000000 1011010101101000000 0111011011010000000 ]
152 [ 1011110111000000000 ]
153 [ 1011110101100000000 ]
154 [ 1011110011100000000 ]
155 [ 1011110011000100000 1011110011000000010 ]
156 [ 1011110001101000000 1011011101100000000 0111011011100000000 0111011011000100000 ]
157 [ 1011110001100100000 1011010101100100000 ]
158 [ 1011011011100000000 1011010011101000000 0111011101100000000 0111011101010000000 0111011101000100000 ]
159 [ 1011011001110000000 1011010001101000100 1011010001101000001 0111011001101000000 0111011001010010000 ]
160 [ 1011011001101000000 0111011001110000000 ]
161 [ 1011011001100100000 1011010001101100000 ]
162 [ 1011010111100000000 0111011111000000000 ]
163 [ 1011010101100001000 1011010101100000100 0111111011000000000 0111011011000000010 ]
164 [ 1011010011100100000 ]
165 [ 1011010011100000010 0111011101000001000 0111011101000000100 ]
166 [ 1011010001110100000 ]
167 [ 1010111011100000000 1010110010110100000 1010110010101000100 1010110010101000001 1010110010100000110 ]
168 [ 1010111011010000000 1010111010010100000 1010110010010110000 1010100110101000100 1010010110100000110 0101001111000000110 0101001101101000100 0101001101001000101 0011010101001000101 0011010011001000110 ]
169 [ 1010111011000100000 1010110011010100000 0101001101001001100 0101001101000001110 0011110011000000110 0011010101001001100 0011010101000001110 ]
170 [ 1010111011000000010 1010110010010100010 1010010011100000110 1010010010100100110 0101011101001000100 0101011101000000110 0011011101001000100 0011011101000000110 0011010011100000110 0011010011000100110 ]
171 [ 1010111001110000000 1010111000110100000 1010110000110110000 1010100110100000110 1010010110101000100 0011011011010010000 0011010101101000001 0011010101010110000 ]
172 [ 1010111001101000000 1010110000111100000 1010010011101000100 1010010011101000001 1010010010101100100 1010010010101100001 0101011101010010000 0011011101101000000 0011011011110000000 ]
173 [ 1010111001100100000 1010110001110100000 0011010101110100000 0011010101101100000 ]
174 [ 1010110110000000110 1010110100101000100 1010110010001000110 1010110000101000110 1010011011110000000 1010011010110100000 1010010010110110000 0101011101101000000 0011011101010010000 0011010011101000100 0011010011101000001 0011010011010110000 ]
175 [ 1010110011101000000 1010110010101100000 ]
176 [ 1010110011100100000 ]
177 [ 1010110011100000010 1010110010100100010 ]
178 [ 1010110011000100010 0101011101000001100 0011110011100000010 0011110011000100010 0011011101000001100 ]
179 [ 1010110011000000110 1010110010000100110 1010011011100000010 1010010010110100010 0101011101100001000 0101011101100000100 0101011101000101000 0101011101000100100 0011110011101000000 0011110011010100000 0011011101010001000 0011011101010000100 0011010011101000010 0011010011010100010 ]
180 [ 1010110010101000010 ]
181 [ 1010110001101100000 0011011101100100000 ]
182 [ 1010110001101000100 1010110001101000001 1010110000101100100 1010110000101100001 1010011011101000000 1010010010111100000 0101011101110000000 0011011101110000000 0011011011101000000 ]
183 [ 1010110000101000101 0101011101100100000 ]
184 [ 1010100110001000110 1010011000110110000 1010010100101000110 0011010001101000101 ]
185 [ 1010100110000001110 1010100010001000111 1010011001110010000 1010010100101001100 0101011001101000100 0101011001101000001 0011010001101000110 ]
186 [ 1010100010101000110 1010010010101000110 0011010101101000100 ]
187 [ 1010100010101000101 0101001101001000110 0011010101001000110 ]
188 [ 1010100010101000011 0101001101011000100 0101001101010000110 0011011011000000110 0011010101100000110 0011010101001100100 0011010101000100110 ]
189 [ 1010011011100100000 1010010011110100000 0011010011110100000 0011010011101100000 ]
190 [ 1010011001111000000 1010011000111100000 1010010101101000100 1010010100101100100 1010010001101000110 1010010000111110000 1010010000101100110 0101011001111000000 0011011001110010000 0011011001101000100 0011011001101000001 ]
191 [ 1010011001110100000 ]
192 [ 1010011001101100000 1010010001111100000 0011011001101100000 ]
193 [ 1010011001101000100 1010011001101000001 1010010000111100100 1010010000111100001 0101011001110010000 0011011001111000000 0000010110101000111 0000010100101001111 ]
194 [ 1010010100101000101 1010010000101000111 0101011001101100000 ]
195 [ 1010010011101100000 0011011011100100000 ]
196 [ 1010010011101000010 1010010010101100010 0101011101010001000 0101011101010000100 0011111011100000000 0011111011000100000 0011011101100001000 0011011101100000100 0011011101000101000 0011011101000100100 0011011011100000010 0011011011000100010 ]
197 [ 1010010011100100010 0011110011100100000 0011010011100100010 ]
198 [ 1010010010101000101 0101001101010110000 ]
199 [ 1010010010101000011 0101001101010101000 0101001101010100100 0101001101010011000 0101001101010010100 0011111011010000000 0011011011010000010 0011010101101001000 0011010101010101000 0011010101010100100 ]
200 [ 1010010001110110000 0011010001110110000 0011010001101100100 0011010001101100001 ]
201 [ 1010010001101100100 1010010001101100001 ]
202 [ 1010010001101000101 1010010000101100101 ]
203 [ 1010000110101000110 0011010100101000101 ]
204 [ 1001111101100000000 1001110101101000000 ]
205 [ 1001111011100000000 1001010101101001000 0110111011010000000 0110011011010000010 ]
206 [ 1001111001110000000 1001010101101000001 0110011011010010000 ]
207 [ 1001111001101000000 1001011101101000000 0110011011110000000 ]
208 [ 1001111001100100000 1001010101101100000 ]
209 [ 1001110111100000000 1001110101100001000 1001110101100000100 ]
210 [ 1001110101100100000 ]
211 [ 1001110011101000000 1001011101100001000 1001011101100000100 0110111011100000000 0110111011000100000 0110011011100000010 0110011011000100010 ]
212 [ 1001110011100100000 1001010101100101000 1001010101100100100 ]
213 [ 1001110011100000010 1001010101100000110 0110011011000000110 ]
214 [ 1001110001110100000 1001010101110100000 ]
215 [ 1001110001101100000 1001011101100100000 ]
216 [ 1001110001101000100 1001110001101000001 1001011101110000000 0110011011101000000 ]
217 [ 1001100101101000100 ]
218 [ 1001100100101000110 1001000101101000101 0110011010010110000 0011010110001000110 ]
219 [ 1001011001111000000 1001011001101000100 1001011001101000001 0110011001111000000 0110011001110010000 ]
220 [ 1001011001110100000 ]
221 [ 1001011001110010000 1001010001101000110 0110011001101000100 0110011001101000001 ]
222 [ 1001011001101100000 ]
223 [ 1001010101101000100 ]
224 [ 1001010101100001100 0110111011000000010 ]
225 [ 1001010100101000110 1001000100101001101 0110011000110110000 0011100110001000110 ]
226 [ 1001010001111100000 ]
227 [ 1001010001110110000 ]
228 [ 1001010001101100100 1001010001101100001 ]
229 [ 1001010001101000101 ]
230 [ 1001000110101000110 0011000110101000110 0011000110001000111 ]
231 [ 1001000100101000111 ]
232 [ 1000111011110000000 1000111010110100000 1000110110100000110 1000110010110110000 1000100110101001100 0010111011010010000 0010110110101000100 0010011011010010010 0010010111000001110 0010010110100001110 0010010110000101110 0010010011001000111 0010010010001100111 0001110111000000110 0001101111000000110 0001010101101001001 0001010101010111000 0001010101010110100 ]
233 [ 1000111011101000000 1000110110101000100 1000110010111100000 0010111011110000000 0010111010110100000 0010110111000000110 0010110110100000110 0010110110000100110 0010110011101000100 0010110011101000001 0010110011010110000 0010110011001000110 0010110010110110000 0010110010101100100 0010110010101100001 0010110010001100110 0010011011110000010 0010011010110100010 0010010011101000011 0010010011010110010 0010010010110110010 0010010010101100011 0001011101101001000 0001011101010011000 0001011101010010100 0001010111000001110 0001010101001001101 0001001111000001110 0001001101101001100 0001001101001001101 ]
234 [ 1000111011100100000 1000110011110100000 1000100110101000101 0001010111001000110 0001010101110101000 0001010101110100100 0001010101101101000 0001010101001000111 0001001111001000110 0001001101101000110 0001001101001000111 ]
235 [ 1000111011100000010 1000110011100000110 1000110010110100010 1000110010100100110 0010011111000000110 0010011011010000110 0010011011001000110 0010011010010100110 0010010110010100110 0010010010011100110 0010010010010110110 0001010111100000110 0001010111000100110 0001010101011100100 0001010101010100110 0001010101001100101 0001001111010000110 0001001101111000100 0001001101011100100 0001001101011010100 0001001101011000101 0001001101010100110 0001001101010010110 ]
236 [ 1000111001111000000 1000111000111100000 1000110100101001100 1000110000111110000 0010110110000001110 0010110010001000111 0010011011110010000 0010010111101000100 0010010110101100100 0001100111000001110 0001011101101000001 ]
237 [ 1000111001110100000 ]
238 [ 1000111001110010000 1000100110100001110 0010010110101001100 ]
239 [ 1000111001101100000 1000110100101000101 1000110001111100000 1000110000101000111 0001011101101100000 0001000111001001110 0001000101101001110 0001000101001001111 ]
240 [ 1000111001101000100 1000111001101000001 1000110101101000100 1000110100101100100 1000110001101000110 1000110000111100100 1000110000111100001 1000110000101100110 0010011011111000000 0010011011101000100 0010011011101000001 0010011010111100000 0010010010111110000 0010010010111100100 0010010010111100001 0001011101111000000 0001011101110010000 ]
241 [ 1000111000110110000 ]
242 [ 1000110100101000110 0010110110001000110 0010011010110110000 0010010011101000101 0010010010101100101 0001000101101001101 ]
243 [ 1000110011101100000 1000110010101000101 0001011101100101000 0001011101100100100 0001010101001001110 0001001101001001110 ]
244 [ 1000110011101000100 1000110011101000001 1000110010101100100 1000110010101100001 0010111011101000000 0010110010111100000 0010011011101000010 0010010010111100010 0001011101110001000 0001011101110000100 ]
245 [ 1000110011101000010 1000110010101100010 1000110010101000011 0010111011000000110 0010110010010100110 0010011011100000110 0010011011000100110 0010010011010100110 0010010010110100110 0001011101100000110 0001011101011000100 0001011101010000110 0001011101001100100 0001011101000100110 0001010101100001110 0001010101001101100 0001010101000101110 0001001101011001100 0001001101010001110 ]
246 [ 1000110011100100010 0001010101100100110 0001010101001100110 0001001101011000110 ]
247 [ 1000110010101000110 0010110010101000110 0010010011101000110 0010010010101100110 0001011101101000100 0001010101101001100 ]
248 [ 1000110001110110000 1000100100101001101 0001100111001000110 0001010101110110000 0001010101101100001 ]
249 [ 1000110001101100100 1000110001101100001 1000110001101000101 1000110000101100101 ]
250 [ 1000100110101000110 0010010110101000110 0010010010101000111 0001010101101000101 ]
251 [ 1000100110001001110 1000100110001000111 0010010100101001110 0001010001101000111 ]
252 [ 1000100100101001110 0010010110101000101 0010010110001001110 0010010110001000111 ]
253 [ 1000100100101000111 0001000101101000111 ]
254 [ 1000100010101000111 0001010101101100100 0001010101101000110 ]
255 [ 1000011101101000100 1000011001101000110 1000010100111100100 1000010000111100110 0010011001111000100 0010011001111000001 0010011000111100100 0010011000111100001 0010010000111110100 0010010000111110001 0001011001111010000 ]
256 [ 1000011001111100000 ]
257 [ 1000011001111010000 0100011001111000100 0100011001111000001 0010010101101001100 0010010100101101100 0001011001101000110 0001010100101101100 ]
258 [ 1000011001111000100 1000011001111000001 1000011000111100100 1000011000111100001 1000010101101001100 1000010100101101100 1000010011101000110 1000010010101100110 1000010000111110100 1000010000111110001 0100011001111010000 0010011101101000100 0010011001111010000 0010011001101000110 0010010100111100100 0010010000111100110 0001011001111000100 0001011001111000001 ]
259 [ 1000011001110110000 ]
260 [ 1000011001101100100 1000011001101100001 1000010101101000101 1000010100101100101 1000010001111100100 1000010001111100001 1000010001101000111 1000010000101100111 ]
261 [ 1000011001101000101 1000010101101100100 1000010001101100110 1000010000111100101 ]
262 [ 1000011000111110000 0010100010101000111 0010010101101000110 0010010100101100110 0001011001101000101 ]
263 [ 1000010110101000110 1000010100101001110 0010100110101000110 0010100110001001110 0010100110001000111 0010010101101000101 0010010100101100101 0010010001101000111 0010010000101100111 0001010100101001101 ]
264 [ 1000010101101000110 1000010100101100110 0010011001101000101 0010011000111110000 0010010000111100101 ]
265 [ 1000010100101001101 1000010010101000111 1000010001111110000 0001100110001001110 0001011001101100100 0001011001101100001 0001010100101001110 ]
266 [ 1000010100101000111 0001000100101001111 ]
267 [ 1000010001101100101 ]
268 [ 1000000110101001110 0010000110101001110 0010000110001001111 ]
269 [ 1000000110101000111 1000000100101001111 0001010100101000111 ]
270 [ 0111011001100100000 ]
271 [ 0111011001010100000 ]
272 [ 0110011011100100000 ]
273 [ 0110011011010100000 ]
274 [ 0110011001110100000 ]
275 [ 0110011001101100000 ]
276 [ 0110011001010110000 ]
277 [ 0101011101010100000 0011011101010100000 0011011011010100000 ]
278 [ 0101011001110100000 0101011001010110000 ]
279 [ 0101001101010001100 0011111011000000010 0011010101100001100 0011010101000101100 ]
280 [ 0100011101101000100 0100011001101000110 0100011000111100100 0100011000111100001 0001010100111100100 0001010011101000110 ]
281 [ 0100011001111100000 ]
282 [ 0100011001110110000 0001011001110110000 ]
283 [ 0100011001101100100 0100011001101100001 0010010100101001101 0001010100101100101 ]
284 [ 0100011001101000101 ]
285 [ 0100011000111110000 0001010100101100110 0001010001101100110 ]
286 [ 0011111111000000000 0011011111000000010 0011010111100001000 0011010111100000100 0011010111000101000 0011010111000100100 ]
287 [ 0011110111100000000 0011110111000100000 0011011111000001000 0011011111000000100 0011010111100000010 0011010111000100010 ]
288 [ 0011110111000001000 0011110111000000100 0011010111000001010 ]
289 [ 0011110111000000010 0011010111000001100 ]
290 [ 0011011111100000000 0011011111000100000 ]
291 [ 0011011111010000000 0011010111101000000 0011010111010100000 ]
292 [ 0011011001110100000 ]
293 [ 0011011001010110000 ]
294 [ 0011010111100100000 ]
295 [ 0011010111001000100 ]
296 [ 0011010111000000110 ]
297 [ 0011010101100101000 0011010101100100100 ]
298 [ 0011010001111100000 ]
299 [ 0010111011100100000 0010110011110100000 0010110011101100000 0010011011100100010 0010010011110100010 0010010011101100010 ]
300 [ 0010111011100000010 0010111011000100010 0010110011101000010 0010110011100000110 0010110011010100010 0010110011000100110 0010110010110100010 0010110010101100010 0010110010100100110 0001011101100001100 0001011101010001100 0001011101001001100 0001011101000101100 0001011101000001110 ]
301 [ 0010111011010100000 0010011011010100010 0001011101010101000 0001011101010100100 ]
302 [ 0010111011010000010 0010111010010100010 0010110010101000011 0010110010010110010 0010010111100000110 0010010111000100110 0010010110100100110 0010010011001100110 0001011111000000110 0001011101001000101 0001010101010101100 0001001101010101100 0001001101010011100 ]
303 [ 0010111010010110000 0010110010101000101 0010011010010110010 0010010111001000110 0010010110001100110 0001001101101000101 0001001101010111000 0001001101010110100 ]
304 [ 0010110011100100010 ]
305 [ 0010011011110100000 ]
306 [ 0010011011101100000 0010010011111100000 ]
307 [ 0010011011010110000 0001011101010110000 ]
308 [ 0010011001111100000 ]
309 [ 0010011001110110000 ]
310 [ 0010011001101100100 0010011001101100001 0010010001111110000 0010010001111100100 0010010001111100001 ]
311 [ 0010010101101100100 0010010001101100110 ]
312 [ 0010010100101000111 0010000110101000111 ]
313 [ 0010010011110110000 0010010011101100100 0010010011101100001 ]
314 [ 0010010011100100110 ]
315 [ 0010010001101100101 ]
316 [ 0001100110101000110 0001100110001000111 0001010110101000110 0001010001111110000 0001010001111100100 0001010001111100001 ]
317 [ 0001011101110100000 ]
318 [ 0001011101001000110 0001010101100101100 ]
319 [ 0001011001111100000 ]
320 [ 0001010101111100000 0001000111101000110 0001000111001000111 ]
321 [ 0001010001101100101 ]
322 [ 0001000110101001110 0001000110001001111 ]
323 [ 0001000110101000111 ]
324 [ 0000110110101000110 0000010101101001101 0000010100101101101 0000010011101000111 0000010010101100111 0000010001111110100 0000010001111110001 ]
325 [ 0000110011101000110 0000110010101100110 0000011101111000100 0000011101101001100 0000011100111100100 0000011011101000110 0000011001111010100 0000011001111010001 0000011001111000110 0000011000111100110 0000010100111110100 0000010100111101100 0000010010111100110 0000010000111110110 ]
326 [ 0000110010101000111 0000011101101100100 0000011101101000101 0000011001101100110 0000011001101000111 0000010111101000110 0000010110101100110 0000010101111100100 0000010101101001110 0000010100111100101 0000010100101101110 0000010001111100110 0000010000111100111 ]
327 [ 0000100110101001110 0000100110001001111 0000010110101001110 ]
328 [ 0000100110101000111 0000010101101000111 0000010100101100111 ]
329 [ 0000011101101000110 0000011001111000101 0000011000111110100 0000011000111110001 0000011000111100101 0000010101101101100 0000010100111100110 0000010011101100110 0000010000111110101 ]
330 [ 0000011001111110000 ]
331 [ 0000011001111100100 0000011001111100001 ]
332 [ 0000011001101100101 0000010101101100101 0000010001111100101 0000010001101100111 ]
333 [ 0000010101101100110 ]
334 [ 0000000110101001111 ]
