identifiant liste_combi 
2 [ 00000110001000000000 00000100001100000000 00000010010000000010 00000000000010110000 00000000000010011000 ]
1 [ 10001000000100000000 01000010100000000000 00100100010000000000 00010001001000000000 00001000010000010000 00001000010000000010 00000100001000100000 00000100000101000000 00000100000100100000 00000010001010000000 00000010001000000010 00000010000010000010 00000001100000001000 00000001100000000100 ]
0 [ 10001000010000000000 10001000000000010000 10000100000100000000 10000000000101000000 01000010001000000000 01000010000010000000 01000010000000000010 01000001100000000000 01000000100000001000 00101000010000000000 00100100001000000000 00100100000100000000 00100100000000100000 00100000010000000010 00010100001000000000 00010010001000000000 00010001100000000000 00010001000000000100 00001000000010010000 00001000000000011000 00000100000010100000 00000010000010100000 00000010000010010000 00000010000000000011 00000001000001000100 00000000100000011000 00000000010000000011 00000000000101000100 ]
11 [ 00000100001100100000 ]
12 [ 00000010010010000010 ]
13 [ 00000010010000000011 ]
7 [ 01000010010000000010 00100010010000000010 ]
8 [ 00001010010000000010 00000010011000000010 ]
10 [ 00000110001010000000 00000110001000100000 00000110001000000010 00000100001101000000 ]
3 [ 10101000010000000000 10100100000100000000 01010010001000000000 01010001100000000000 00110100001000000000 00001010000010010000 00001000100000011000 00000110001100000000 00000110000010100000 00000001000101000100 00000000000010111000 ]
9 [ 00001000010010010000 00001000010000011000 00001000010000000011 00000100001010100000 00000100000110100000 00000100000101000100 00000010001010100000 00000010001010010000 00000010001000000011 00000001100001000100 00000001100000011000 ]
5 [ 10001000010000010000 10000100000101000000 01000010001010000000 01000010001000000010 01000010000010000010 01000001100000001000 00101000010000000010 00100100001100000000 00100100001000100000 00100100000100100000 00010110001000000000 00010001100000000100 00001000000010011000 00000010001010000010 00000010000010110000 ]
4 [ 10001100000100000000 10001000010100000000 10001000000101000000 10001000000100010000 01000011100000000000 01000010101000000000 01000010100010000000 01000010100000001000 01000010100000000010 00101100010000000000 00100100011000000000 00100100010100000000 00100100010000100000 00100100010000000010 00010101001000000000 00010011001000000000 00010001101000000000 00010001001000000100 00001000010000010010 00000100000101100000 00000010000010100010 00000010000010010010 00000010000010000011 00000001100000001100 ]
6 [ 10001000010000000010 10001000000010010000 10001000000000011000 10000100001100000000 10000100000100100000 10000000000101000100 01000110001000000000 01000010000010100000 01000010000010010000 01000010000000000011 01000001100000000100 01000000100000011000 00101000010000010000 00100110001000000000 00100100000101000000 00100100000010100000 00100000010000000011 00010100001100000000 00010100001000100000 00010010001010000000 00010010001000000010 00010001100000001000 00010001000001000100 00001000000010110000 00000100000010110000 00000010000010011000 00000000100010011000 ]
28 [ 01100010010000000010 ]
32 [ 01000010010010000010 ]
36 [ 00100010010010000010 ]
37 [ 00001010011000000010 ]
39 [ 00001010010010000010 ]
40 [ 00001010010000010010 ]
45 [ 00000110011000000010 ]
47 [ 00000110001010100000 ]
49 [ 00000110001010000010 ]
50 [ 00000110001000100010 ]
51 [ 00000100001110100000 ]
52 [ 00000100001101100000 ]
53 [ 00000010011010000010 ]
55 [ 00000010010010000011 ]
34 [ 01000010001010000010 00100100001100100000 ]
43 [ 00001000010010011000 00000010001010110000 ]
22 [ 10001010010000000010 00010010011000000010 ]
29 [ 01001010010000000010 00100010011000000010 ]
31 [ 01000010011000000010 00101010010000000010 ]
33 [ 01000010010000000011 00100010010000000011 ]
41 [ 00001010010000000011 00000010011000000011 ]
54 [ 00000010010010100010 00000010010010010010 ]
48 [ 00000110001010010000 00000110001000000011 00000100001101000100 ]
46 [ 00000110001110000000 00000110001101000000 00000110001100000010 ]
56 [ 00000010001010100010 00000010001010010010 00000010001010000011 ]
17 [ 10010100001100000000 01100110001000000000 00001100000010110000 00000010100010011000 ]
30 [ 01000010100010000010 00100100011100000000 00010111001000000000 00000010000010110010 ]
27 [ 10001000000010011000 10000100001100100000 01000010000010110000 00010100001100100000 00010010001010000010 ]
42 [ 00001000010010110000 00000100001010110000 00000100000110110000 00000010001010011000 00000001100010011000 ]
38 [ 00001010010010010000 00001010001010010000 00001001100000011000 00001000110000011000 00000110000110100000 00000101000101000100 00000001100101000100 ]
44 [ 00001000010010010010 00001000010000011010 00001000010000010011 00000100000111100000 00000100000101100100 00000001100001001100 00000001100000011100 ]
23 [ 10001010000010010000 10001000100000011000 10000001000101000100 01001010000010010000 01001000100000011000 01000110000010100000 00100110000010100000 00010001000101000100 ]
16 [ 10100100001100000000 01010110001000000000 00110110001000000000 00110100001100000000 00001010000010110000 00001010000010011000 00001000100010011000 00000110000010110000 ]
20 [ 10001100000101000000 10001000010100010000 01000011100000001000 01000010101010000000 01000010101000000010 00101100010000000010 00100100011000100000 00100100010100100000 00010001101000000100 ]
21 [ 10001100000100100000 10001000010100000010 01000011100000000100 00101100010000010000 00100100010101000000 00010101001000100000 00010011001010000000 00010011001000000010 00010001101000001000 ]
15 [ 10101000010000010000 10101000010000000010 10100100000101000000 10100100000100100000 01010010001010000000 01010010001000000010 01010001100000001000 01010001100000000100 00110100001000100000 00000110001100100000 ]
25 [ 10001000010000010010 10000100001101000000 10000100000101100000 01000110001010000000 01000110001000000010 01000001100000001100 00101000010000010010 00100110001000100000 00100100000101100000 00010001100000001100 ]
24 [ 10001000010010010000 10001000010000011000 10000100000101000100 01000010001010100000 01000010001010010000 01000010001000000011 01000001100000011000 00101000010000000011 00100100001010100000 00100100000110100000 00010001100001000100 ]
35 [ 01000010000010100010 01000010000010010010 01000010000010000011 00100110001100000000 00100100001101000000 00010110001100000000 00010110001010000000 00010110001000100000 00010110001000000010 00001000000010111000 00000010000010111000 ]
14 [ 10101100010000000000 10101100000100000000 10101000010100000000 10100100010100000000 01010011100000000000 01010011001000000000 01010010101000000000 01010001101000000000 00110101001000000000 00110100011000000000 00001010000010010010 00000110000010100010 ]
19 [ 10001100001100000000 10001000000110010000 10001000000101000100 10001000000100011000 01000110101000000000 01000010110000000010 01000010100010100000 01000010100010010000 01000010100000011000 01000010100000000011 00100110011000000000 00100110010000000010 00100100010010100000 00100100010000000011 00010101001100000000 00010001001001000100 00000010000010011010 ]
18 [ 10001100010100000000 10001100000100010000 10001000010101000000 10001000000101010000 01000011101000000000 01000011100010000000 01000011100000000010 01000010101000001000 01000010100010001000 01000010100000001010 00101100011000000000 00101100010100000000 00101100010000100000 00100100011000000010 00100100010100000010 00100100010000100010 00010101101000000000 00010101001000000100 00010011101000000000 00010011001000000100 00000010000010100011 00000010000010010011 ]
26 [ 10001000010000000011 10001000000010110000 10000110001100000000 10000100000110100000 01000110001100000000 01000110001000100000 01000010000010011000 01000001100001000100 01000000100010011000 00101000010010010000 00101000010000011000 00100110001010000000 00100110001000000010 00100100000101000100 00100100000010110000 00010100001101000000 00010100001010100000 00010010001010100000 00010010001010010000 00010010001000000011 00010001100000011000 00000100000010111000 00000000100010111000 ]
77 [ 10010100001100100000 ]
95 [ 10001010010010000010 ]
96 [ 10001010010000010010 ]
113 [ 10000100001101100000 ]
116 [ 01100010010010000010 ]
117 [ 01100010010000000011 ]
119 [ 01010010001010000010 ]
121 [ 01001010010010000010 ]
122 [ 01001010010000010010 ]
126 [ 01000110011000000010 ]
129 [ 01000110001010000010 ]
132 [ 01000011100010000010 ]
134 [ 01000010101010000010 ]
137 [ 01000010011010000010 ]
140 [ 01000010010010000011 ]
146 [ 00110101011000000000 ]
147 [ 00101010010010000010 ]
148 [ 00101010010000010010 ]
149 [ 00100110010010000010 ]
151 [ 00100110001100100000 ]
153 [ 00100100011100100000 ]
154 [ 00100100001101100000 ]
155 [ 00100010011010000010 ]
157 [ 00100010010010000011 ]
158 [ 00010110001100100000 ]
159 [ 00010110001010100000 ]
160 [ 00010011001010000010 ]
161 [ 00010010011010000010 ]
162 [ 00001110011000000010 ]
165 [ 00001010011010000010 ]
166 [ 00001010011000010010 ]
167 [ 00001010011000000011 ]
169 [ 00001010010010100010 ]
171 [ 00001010010010010010 ]
172 [ 00001010010010000011 ]
173 [ 00001010010000011010 ]
174 [ 00001010010000010011 ]
175 [ 00001010001010010010 ]
179 [ 00001000010010011010 ]
181 [ 00000110011100000010 ]
182 [ 00000110011010000010 ]
183 [ 00000110011000100010 ]
184 [ 00000110011000000011 ]
185 [ 00000110010010100010 ]
187 [ 00000110001110100000 ]
189 [ 00000110001110000010 ]
190 [ 00000110001101100000 ]
191 [ 00000110001100100010 ]
192 [ 00000110001010110000 ]
193 [ 00000110001010100010 ]
194 [ 00000110001010011000 ]
196 [ 00000110001000100011 ]
197 [ 00000110000110100010 ]
198 [ 00000100001111100000 ]
199 [ 00000100001110110000 ]
200 [ 00000100001101100100 ]
203 [ 00000010011010000011 ]
204 [ 00000010010010110010 ]
206 [ 00000010010010011010 ]
207 [ 00000010001010110010 ]
209 [ 00000010001010011010 ]
62 [ 10101100010100000000 01010011101000000000 ]
59 [ 11000110001100000000 00000100100010111000 ]
135 [ 01000010100010011000 00100110011000000010 ]
145 [ 00110110001100000000 00001010000010111000 ]
104 [ 10001000010010011000 01000010001010110000 ]
107 [ 10001000000110011000 01000010100010110000 ]
163 [ 00001110001010010000 00000101001101000100 ]
57 [ 11001010010000000010 00110010011000000010 ]
67 [ 10101010010000000010 01010010011000000010 ]
93 [ 10001010010100000010 00010011011000000010 ]
102 [ 10001010000010010010 00100110000010100010 ]
131 [ 01000011110000000010 00100110010100000010 ]
133 [ 01000010111000000010 00101110010000000010 ]
142 [ 01000010000010110010 00010110001010000010 ]
97 [ 10001010010000000011 00010010011000000011 ]
110 [ 10000110001100100000 00010100001101100000 ]
123 [ 01001010010000000011 00100010011000000011 ]
124 [ 01001010000010010010 01000110000010100010 ]
138 [ 01000010011000000011 00101010010000000011 ]
177 [ 00001000010010111000 00000010001010111000 ]
73 [ 10100100001100100000 00110100001100100000 ]
91 [ 10001100000010110000 00101100000010110000 ]
92 [ 10001010011000000010 00011010011000000010 ]
112 [ 10000100001110100000 00010100001110100000 ]
114 [ 01101010010000000010 01100010011000000010 ]
115 [ 01100110010000000010 01100010110000000010 ]
120 [ 01001010011000000010 00101010011000000010 ]
128 [ 01000110001010100000 00100110001010100000 ]
130 [ 01000110001000100010 00100110001000100010 ]
139 [ 01000010010010100010 01000010010010010010 ]
156 [ 00100010010010100010 00100010010010010010 ]
186 [ 00000110001111000000 00000110001101000010 ]
195 [ 00000110001010010010 00000110001010000011 ]
202 [ 00000010011010100010 00000010011010010010 ]
205 [ 00000010010010100011 00000010010010010011 ]
208 [ 00000010001010100011 00000010001010010011 ]
69 [ 10101000010000010010 10100100000101100000 01010001100000001100 ]
84 [ 10001100001100010000 01000110101000001000 00010101001100000100 ]
125 [ 01000110101000100000 00100110011010000000 00010101001101000000 ]
178 [ 00001000010010110010 00000100000111110000 00000001100010011100 ]
188 [ 00000110001110010000 00000110001101000100 00000110001100000011 ]
150 [ 00100110001110000000 00100110001100000010 00010110001101000000 ]
170 [ 00001010010010011000 00001010001010110000 00001000110010011000 ]
201 [ 00000100001010111000 00000100000110111000 00000001100010111000 ]
83 [ 10001100001100100000 01000010110000000011 00100110010000000011 00010101001100100000 ]
60 [ 10110100001100000000 01110110001000000000 00001110000010110000 00001010100010011000 ]
70 [ 10100110001100000000 01010110001100000000 00001000100010111000 00000110000010111000 ]
75 [ 10010110001100000000 01100110001100000000 00001100000010111000 00000010100010111000 ]
127 [ 01000110001100100000 00101000010010011000 00100110001010000010 00010010001010110000 ]
180 [ 00001000010010010011 00001000010000011011 00000100000111100100 00000001100001011100 ]
72 [ 10100100001101000000 01010110001010000000 01010110001000000010 00110110001000100000 ]
76 [ 10010100001101000000 01100110001010000000 01100110001000100000 01100110001000000010 ]
152 [ 00100100011101000000 00010111001010000000 00010111001000100000 00010111001000000010 ]
168 [ 00001010010010110000 00001010001010011000 00001001100010011000 00000110000110110000 ]
100 [ 10001010000010110000 01001010000010011000 01001000100010011000 00100110000010110000 ]
118 [ 01010110001000100000 00110110001010000000 00110110001000000010 00110100001101000000 ]
141 [ 01000010001010100010 01000010001010010010 01000010001010000011 00100100001110100000 ]
101 [ 10001010000010011000 10001000100010011000 01001010000010110000 01000110000010110000 ]
66 [ 10101100001100000000 01010110101000000000 00110110011000000000 00110101001100000000 00001010000010011010 ]
74 [ 10011100001100000000 10010101001100000000 01100110101000000000 01100110011000000000 00000010100010011010 ]
103 [ 10001000010010110000 01000010001010011000 01000001100010011000 00100100001010110000 00100100000110110000 ]
144 [ 01000010000010011010 00100100001101000100 00010110011000000010 00010110001010010000 00010110001000000011 ]
78 [ 10001110001100000000 10001000000110110000 01001010110000000010 01000110101100000000 00100100010010110000 ]
176 [ 00001001100000011100 00001000110000011010 00000110000111100000 00000101000101100100 00000001100101001100 ]
108 [ 10001000000010111000 01000010000010111000 00010010001010100010 00010010001010010010 00010010001010000011 ]
164 [ 00001100010010110000 00001100001010110000 00001100000110110000 00000011100010011000 00000010101010011000 ]
87 [ 10001100000101100000 10001000010100010010 01000011100000001100 00101100010000010010 00100100010101100000 00010001101000001100 ]
136 [ 01000010100010001010 00101100011100000000 00100100011100000010 00010111101000000000 00010111001000000100 00000010000010110011 ]
61 [ 10101100011000000000 01010101101000000000 00111100011000000000 00110101101000000000 00001010000010010011 00000110000010100011 ]
71 [ 10100100011100000000 01010111001000000000 00110111001000000000 00110100011100000000 00001010000010110010 00000110000010110010 ]
143 [ 01000010000010100011 01000010000010010011 00100110001101000000 00010110001110000000 00010110001100000010 00010110001000100010 ]
58 [ 11001010000010010000 11001000100000011000 10010001000101000100 01100110000010100000 00001010011010010000 00001001110000011000 00000101100101000100 ]
94 [ 10001010010010010000 10001000110000011000 10000101000101000100 01001010001010010000 01001001100000011000 00100110000110100000 00010001100101000100 ]
111 [ 10000110000110100000 01000001100101000100 00101010010010010000 00101000110000011000 00100101000101000100 00011010001010010000 00011001100000011000 ]
98 [ 10001010001010010000 10001001100000011000 10000001100101000100 01001010010010010000 01001000110000011000 01000110000110100000 00010101000101000100 ]
99 [ 10001010000110010000 10001001000101000100 10001000100100011000 01001010100010010000 01001010100000011000 01000110100010100000 00100110010010100000 00010001001101000100 ]
64 [ 10101100010000010000 10101100000100100000 10101000010100000010 10100100010101000000 01010011100000000100 01010011001010000000 01010011001000000010 01010001101000001000 00110101001000100000 ]
65 [ 10101100010000000010 10101100000101000000 10101000010100010000 10100100010100100000 01010011100000001000 01010010101010000000 01010010101000000010 01010001101000000100 00110100011000100000 ]
90 [ 10001100000100110000 10001000010101000010 01000011100010000100 01000011100000000110 00101100010000110000 00100100010101000010 00010101001000100100 00010011001010000100 00010011001000000110 ]
88 [ 10001100000101010000 10001000010101010000 01000011100010001000 01000011100000001010 01000010101010001000 01000010101000001010 00101100010000100010 00100100011000100010 00100100010100100010 ]
105 [ 10001000010010010010 10001000010000011010 10000100001101000100 10000100000101100100 01000110001010010000 01000110001000000011 01000001100000011100 00101000010000010011 00100100000111100000 00010001100001001100 ]
106 [ 10001000010000010011 10000110001101000000 10000100000111100000 01000110001110000000 01000110001100000010 01000001100001001100 00101000010010010010 00101000010000011010 00100100000101100100 00010001100000011100 ]
63 [ 10101100010000100000 10101100000100010000 10101000010101000000 10100100010100000010 01010011100010000000 01010011100000000010 01010011001000000100 01010010101000001000 00110101001000000100 00110100011000000010 ]
68 [ 10101000010010010000 10101000010000011000 10101000010000000011 10100100000110100000 10100100000101000100 01010010001010100000 01010010001010010000 01010010001000000011 01010001100001000100 01010001100000011000 00110100001010100000 ]
85 [ 10001100000110100000 10001000010100000011 01000011100001000100 00101100010010010000 00101100010000011000 00100100010101000100 00010101001010100000 00010011001010100000 00010011001010010000 00010011001000000011 00010001101000011000 ]
89 [ 10001100000101000100 10001000010110010000 10001000010100011000 01000011100000011000 01000010101010100000 01000010101010010000 01000010101000000011 00101100010000000011 00100100011010100000 00100100010110100000 00010001101001000100 ]
80 [ 10001100010101000000 10001100010100010000 01000011101010000000 01000011101000001000 01000011101000000010 00101100011000100000 00101100011000000010 00101100010100100000 00101100010100000010 00010101101000000100 00010011101000000100 ]
81 [ 10001100010100100000 10001100010100000010 01000011101000000100 00101100011000010000 00101100010101000000 00101100010100010000 00010101101000100000 00010101101000001000 00010011101010000000 00010011101000001000 00010011101000000010 ]
82 [ 10001100001101000000 01000110101010000000 01000110101000000010 01000010110010000010 01000010100010100010 01000010100010010010 01000010100010000011 00100110011100000000 00100110011000100000 00010111001100000000 00000010000010111010 ]
86 [ 10001100000110010000 10001100000100011000 10001000010101000100 01000011100010100000 01000011100010010000 01000011100000000011 01000010101000011000 00101100010010100000 00100100011000000011 00100100010100000011 00010101001001000100 00010011001001000100 ]
109 [ 10000110001110000000 10000110001100000010 10000100000110110000 01000110001101000000 01000000100010111000 00101000010010110000 00100110001010010000 00100110001000000011 00100100000010111000 00010100001101000100 00010100001010110000 00010010001010011000 00010001100010011000 ]
79 [ 10001100011100000000 10001000000111010000 10001000000101011000 10001000000101010100 01000111101000000000 01000010110000001010 01000010100010101000 01000010100000011010 01000010100000001011 00101110011000000000 00100110010000100010 00100100010010100010 00100100010000100011 00010101101100000000 00000010000010011011 ]
213 [ 11001010110000000010 ]
218 [ 11001010010010000010 ]
219 [ 11001010010000010010 ]
224 [ 11000110001100100000 ]
231 [ 10110100001100100000 ]
253 [ 10101010010010000010 ]
254 [ 10101010010000010010 ]
263 [ 10100110001100100000 ]
268 [ 10100100001101100000 ]
276 [ 10011010011000000010 ]
280 [ 10010110001100100000 ]
282 [ 10010100001110100000 ]
283 [ 10010100001101100000 ]
286 [ 10001110011000000010 ]
290 [ 10001110001100100000 ]
314 [ 10001100001010110000 ]
323 [ 10001100000010111000 ]
327 [ 10001010011010000010 ]
328 [ 10001010011000010010 ]
330 [ 10001010010110000010 ]
332 [ 10001010010100010010 ]
335 [ 10001010010010100010 ]
337 [ 10001010010010010010 ]
338 [ 10001010010010000011 ]
339 [ 10001010010000011010 ]
340 [ 10001010010000010011 ]
344 [ 10001010001010010010 ]
348 [ 10001010000110010010 ]
351 [ 10001010000010011010 ]
361 [ 10001000010010011010 ]
363 [ 10001000000111011000 ]
365 [ 10001000000110111000 ]
366 [ 10000110011100000010 ]
368 [ 10000110001110100000 ]
370 [ 10000110001110000010 ]
371 [ 10000110001101100000 ]
372 [ 10000110001100100010 ]
375 [ 10000110000110100010 ]
377 [ 10000100001111100000 ]
379 [ 10000100001101100100 ]
382 [ 01101010110000000010 ]
383 [ 01101010011000000010 ]
384 [ 01101010010010000010 ]
385 [ 01101010010000010010 ]
387 [ 01100110110000000010 ]
388 [ 01100110011000000010 ]
390 [ 01100110010010000010 ]
393 [ 01100110001100100000 ]
394 [ 01100110001010100000 ]
395 [ 01100110001010000010 ]
396 [ 01100110001000100010 ]
397 [ 01100010110010000010 ]
398 [ 01100010011010000010 ]
400 [ 01100010010010000011 ]
403 [ 01010110011000000010 ]
404 [ 01010110001100100000 ]
406 [ 01010110001010000010 ]
409 [ 01010011100010000010 ]
410 [ 01010011001010000010 ]
411 [ 01010010101010000010 ]
412 [ 01010010011010000010 ]
414 [ 01001110011000000010 ]
415 [ 01001011110000000010 ]
418 [ 01001010110000000011 ]
419 [ 01001010100010011000 ]
421 [ 01001010011010000010 ]
422 [ 01001010011000010010 ]
424 [ 01001010010010100010 ]
425 [ 01001010010010010010 ]
426 [ 01001010010010000011 ]
427 [ 01001010010000011010 ]
428 [ 01001010010000010011 ]
429 [ 01001010001010010010 ]
431 [ 01001010000010011010 ]
435 [ 01000110111000000010 ]
436 [ 01000110101100100000 ]
439 [ 01000110101000101000 ]
440 [ 01000110101000100010 ]
441 [ 01000110011100000010 ]
442 [ 01000110011010000010 ]
443 [ 01000110011000100010 ]
444 [ 01000110011000000011 ]
445 [ 01000110010010100010 ]
446 [ 01000110001110100000 ]
447 [ 01000110001110000010 ]
448 [ 01000110001101100000 ]
449 [ 01000110001100100010 ]
450 [ 01000110001010110000 ]
451 [ 01000110001010100010 ]
452 [ 01000110001010011000 ]
454 [ 01000110001000100011 ]
455 [ 01000110000110100010 ]
459 [ 01000011110010000010 ]
463 [ 01000011101010000010 ]
466 [ 01000011100010001010 ]
467 [ 01000011100010000110 ]
468 [ 01000010111010000010 ]
472 [ 01000010110000011010 ]
475 [ 01000010101010001010 ]
476 [ 01000010100010111000 ]
477 [ 01000010100010110010 ]
479 [ 01000010100010011010 ]
481 [ 01000010011010000011 ]
482 [ 01000010010010110010 ]
484 [ 01000010010010011010 ]
485 [ 01000010001010110010 ]
487 [ 01000010001010011010 ]
489 [ 01000010000010110011 ]
497 [ 00110110011000000010 ]
499 [ 00110110001100100000 ]
501 [ 00110110001010000010 ]
502 [ 00110101011000100000 ]
504 [ 00110100001101100000 ]
505 [ 00110010011010000010 ]
506 [ 00101110011000000010 ]
507 [ 00101110010010000010 ]
508 [ 00101110010000010010 ]
509 [ 00101110001010010000 ]
511 [ 00101100011100100000 ]
515 [ 00101100000010111000 ]
516 [ 00101010011010000010 ]
517 [ 00101010011000010010 ]
518 [ 00101010010010100010 ]
520 [ 00101010010010010010 ]
521 [ 00101010010010000011 ]
522 [ 00101010010000011010 ]
523 [ 00101010010000010011 ]
525 [ 00101000010010011010 ]
527 [ 00100110011100000010 ]
528 [ 00100110011010010000 ]
529 [ 00100110011010000010 ]
530 [ 00100110011000100010 ]
531 [ 00100110011000000011 ]
532 [ 00100110010110000010 ]
533 [ 00100110010010100010 ]
534 [ 00100110010010000011 ]
536 [ 00100110001110100000 ]
538 [ 00100110001110000010 ]
539 [ 00100110001101100000 ]
541 [ 00100110001100100010 ]
542 [ 00100110001010110000 ]
543 [ 00100110001010100010 ]
544 [ 00100110001000100011 ]
545 [ 00100110000110100010 ]
547 [ 00100100011110100000 ]
548 [ 00100100011101100000 ]
551 [ 00100100011100100010 ]
553 [ 00100100001111100000 ]
554 [ 00100100001110110000 ]
555 [ 00100100001101100100 ]
557 [ 00100010011010000011 ]
558 [ 00100010010010110010 ]
560 [ 00100010010010011010 ]
563 [ 00011010011010000010 ]
564 [ 00011010011000010010 ]
565 [ 00011010001010010010 ]
566 [ 00010111011000000010 ]
567 [ 00010111001100100000 ]
568 [ 00010111001100000100 ]
569 [ 00010111001010100000 ]
570 [ 00010111001010000010 ]
571 [ 00010111001000100010 ]
572 [ 00010110011100000010 ]
573 [ 00010110011000000011 ]
574 [ 00010110001110100000 ]
575 [ 00010110001110000010 ]
576 [ 00010110001101100000 ]
577 [ 00010110001100100010 ]
578 [ 00010110001010110000 ]
579 [ 00010110001010100010 ]
580 [ 00010101001101100000 ]
581 [ 00010101001101000100 ]
583 [ 00010100001111100000 ]
584 [ 00010100001101100100 ]
585 [ 00010011101010000010 ]
586 [ 00010011011010000010 ]
588 [ 00010011001010000110 ]
590 [ 00010010011010000011 ]
591 [ 00010010001010110010 ]
593 [ 00010010001010011010 ]
594 [ 00001110011100000010 ]
596 [ 00001110011010000010 ]
597 [ 00001110011000100010 ]
598 [ 00001110011000010010 ]
599 [ 00001110011000000011 ]
601 [ 00001110001010110000 ]
602 [ 00001110001010011000 ]
603 [ 00001110001010010010 ]
606 [ 00001100001110110000 ]
608 [ 00001010110000011010 ]
610 [ 00001010011010100010 ]
611 [ 00001010011010010010 ]
612 [ 00001010011010000011 ]
613 [ 00001010011000011010 ]
614 [ 00001010011000010011 ]
616 [ 00001010010010110010 ]
617 [ 00001010010010100011 ]
618 [ 00001010010010011010 ]
619 [ 00001010010010010011 ]
620 [ 00001010010000011011 ]
621 [ 00001010001010110010 ]
622 [ 00001010001010011010 ]
623 [ 00001010001010010011 ]
627 [ 00001000110010111000 ]
628 [ 00001000110010011010 ]
629 [ 00001000010010111010 ]
631 [ 00001000010010011011 ]
632 [ 00000110101010011000 ]
633 [ 00000110011110000010 ]
634 [ 00000110011101000010 ]
635 [ 00000110011100100010 ]
636 [ 00000110011100000011 ]
637 [ 00000110011010100010 ]
638 [ 00000110011010010010 ]
639 [ 00000110011010000011 ]
640 [ 00000110011000100011 ]
641 [ 00000110010110100010 ]
642 [ 00000110010010110010 ]
643 [ 00000110010010100011 ]
644 [ 00000110001111100000 ]
646 [ 00000110001111000010 ]
647 [ 00000110001110110000 ]
648 [ 00000110001110100010 ]
649 [ 00000110001110011000 ]
651 [ 00000110001101100100 ]
652 [ 00000110001101100010 ]
653 [ 00000110001100100011 ]
654 [ 00000110001010111000 ]
655 [ 00000110001010110010 ]
656 [ 00000110001010100011 ]
657 [ 00000110001010011010 ]
658 [ 00000110001010010011 ]
659 [ 00000110000111100010 ]
660 [ 00000110000110110010 ]
661 [ 00000110000110100011 ]
663 [ 00000101001101100100 ]
664 [ 00000100001111110000 ]
665 [ 00000100001111100100 ]
666 [ 00000100001110111000 ]
668 [ 00000011100010011010 ]
669 [ 00000010110010011010 ]
670 [ 00000010101010011010 ]
671 [ 00000010011010110010 ]
673 [ 00000010011010011010 ]
674 [ 00000010010010111010 ]
675 [ 00000010010010110011 ]
676 [ 00000010010010011011 ]
677 [ 00000010001010111010 ]
678 [ 00000010001010110011 ]
679 [ 00000010001010011011 ]
310 [ 10001100001101100000 01000010110010000011 ]
235 [ 10101100011100000000 01010111101000000000 ]
257 [ 10101000010010011000 01010010001010110000 ]
271 [ 10011101001100000000 01100110111000000000 ]
318 [ 10001100000110011000 01000011100010110000 ]
357 [ 10001000010110011000 01000010101010110000 ]
376 [ 10000101001101000100 01001110001010010000 ]
417 [ 01001010110000010010 00100100010010111000 ]
512 [ 00101100011100010000 00010111101000001000 ]
513 [ 00101100011100000010 00010111101000000100 ]
514 [ 00101100010010011000 00010011001010110000 ]
546 [ 00100101001101000100 00011110001010010000 ]
552 [ 00100100011100000011 00010111001001000100 ]
595 [ 00001110011010010000 00000101101101000100 ]
625 [ 00001001100010011100 00000110000111110000 ]
216 [ 11001010010100000010 00110011011000000010 ]
233 [ 10101110010000000010 01010010111000000010 ]
251 [ 10101010010100000010 01010011011000000010 ]
260 [ 10100110010100000010 01010011110000000010 ]
287 [ 10001110010100000010 00010011111000000010 ]
331 [ 10001010010101000010 00010011011000000110 ]
438 [ 01000110101010000010 00100110011100100000 ]
458 [ 01000011111000000010 00101110010100000010 ]
460 [ 01000011110000001010 00100110010100100010 ]
461 [ 01000011110000000110 00100110010101000010 ]
469 [ 01000010111000001010 00101110010000100010 ]
220 [ 11001010010000000011 00110010011000000011 ]
222 [ 11001010000010010010 01100110000010100010 ]
226 [ 10111100011000000000 01110101101000000000 ]
234 [ 10101110001100000000 01010110101100000000 ]
255 [ 10101010010000000011 01010010011000000011 ]
270 [ 10011110001100000000 01100110101100000000 ]
291 [ 10001110001100010000 01000110101100001000 ]
298 [ 10001100011100100000 00010101101100100000 ]
313 [ 10001100001100110000 00010101001100100100 ]
324 [ 10001010100010011000 01001110000010110000 ]
333 [ 10001010010100000011 00010011011000000011 ]
346 [ 10001010000110110000 00100110010010110000 ]
352 [ 10001010000010010011 00100110000010100011 ]
355 [ 10001000100010111000 01000110000010111000 ]
359 [ 10001000010010111000 01000010001010111000 ]
433 [ 01001000100010111000 00100110000010111000 ]
462 [ 01000011110000000011 00100110010100000011 ]
470 [ 01000010111000000011 00101110010000000011 ]
473 [ 01000010110000001011 00100110010000100011 ]
526 [ 00100110011110000000 00010111001101000000 ]
561 [ 00011110011000000010 00010110001010011000 ]
600 [ 00001110001110010000 00000111001101000100 ]
604 [ 00001100010010111000 00000010101010111000 ]
624 [ 00001001100010111000 00000110000110111000 ]
667 [ 00000100000111111000 00000001100010111100 ]
210 [ 11101010010000000010 01110010011000000010 ]
215 [ 11001010011000000010 00111010011000000010 ]
247 [ 10101100001100100000 00110101001100100000 ]
308 [ 10001100001110100000 00010101001110100000 ]
317 [ 10001100000110110000 00101100010010110000 ]
325 [ 10001010011100000010 00011011011000000010 ]
350 [ 10001010000010110010 00100110000010110010 ]
381 [ 01101110010000000010 01100010111000000010 ]
389 [ 01100110010100000010 01100011110000000010 ]
391 [ 01100110010000100010 01100010110000001010 ]
420 [ 01001010100010010010 01000110100010100010 ]
432 [ 01001010000010010011 01000110000010100011 ]
437 [ 01000110101010100000 00100110011010100000 ]
212 [ 11001110001100000000 11000110101100000000 ]
265 [ 10100100011100100000 00110100011100100000 ]
267 [ 10100100001110100000 00110100001110100000 ]
274 [ 10011100001100100000 10010101001100100000 ]
295 [ 10001110000010110000 00101110000010110000 ]
329 [ 10001010011000000011 00011010011000000011 ]
349 [ 10001010000010111000 01001010000010111000 ]
378 [ 10000100001110110000 00010100001110110000 ]
386 [ 01101010010000000011 01100010011000000011 ]
392 [ 01100110010000000011 01100010110000000011 ]
399 [ 01100010010010100010 01100010010010010010 ]
405 [ 01010110001010100000 00110110001010100000 ]
407 [ 01010110001000100010 00110110001000100010 ]
416 [ 01001010111000000010 01001010110010000010 ]
423 [ 01001010011000000011 00101010011000000011 ]
430 [ 01001010000010110010 01000110000010110010 ]
453 [ 01000110001010010010 01000110001010000011 ]
457 [ 01000100100010111000 00100100100010111000 ]
465 [ 01000011100010011000 01000010101010011000 ]
478 [ 01000010100010100011 01000010100010010011 ]
480 [ 01000010011010100010 01000010011010010010 ]
483 [ 01000010010010100011 01000010010010010011 ]
486 [ 01000010001010100011 01000010001010010011 ]
493 [ 00111101011000000000 00110101111000000000 ]
495 [ 00110111011000000000 00110101011100000000 ]
503 [ 00110101011000000100 00110101011000000010 ]
556 [ 00100010011010100010 00100010011010010010 ]
559 [ 00100010010010100011 00100010010010010011 ]
589 [ 00010010011010100010 00010010011010010010 ]
592 [ 00010010001010100011 00010010001010010011 ]
615 [ 00001010010010111000 00001010001010111000 ]
650 [ 00000110001110010010 00000110001110000011 ]
672 [ 00000010011010100011 00000010011010010011 ]
277 [ 10010111001100000000 01100110011100000000 00000010100010111010 ]
360 [ 10001000010010110010 01000001100010011100 00100100000111110000 ]
380 [ 10000100000111110000 00101000010010110010 00010001100010011100 ]
232 [ 10101110011000000000 01010101101100000000 00001110010010100010 ]
259 [ 10100110011100000000 01010111001100000000 00000110000010111010 ]
492 [ 00111110011000000000 00110101101100000000 00001010000010011011 ]
248 [ 10101100001100010000 01010110101000001000 00110101001100000100 ]
269 [ 10100100001101000100 01010110001010010000 01010110001000000011 ]
275 [ 10011100001100010000 10010101001100000100 01100110101000001000 ]
281 [ 10010101001101000000 01100110101000100000 01100110011010000000 ]
284 [ 10010100001101000100 01100110001010010000 01100110001000000011 ]
299 [ 10001100011100010000 01000111101000001000 00010101101100000100 ]
312 [ 10001100001101000100 01000110101010010000 01000110101000000011 ]
434 [ 01000111101000100000 00101110011010000000 00010101101101000000 ]
496 [ 00110111001100000000 00110110011100000000 00001010000010111010 ]
549 [ 00100100011101000100 00010111001010010000 00010111001000000011 ]
605 [ 00001100010010110010 00001100000111110000 00000011100010011100 ]
630 [ 00001000010010110011 00000100000111110100 00000001100011011100 ]
237 [ 10101100011000010000 01010101101000001000 00110101101000100000 ]
238 [ 10101100011000000010 01010101101000000100 00111100011000100000 ]
402 [ 01010110101000100000 00110110011010000000 00110101001101000000 ]
236 [ 10101100011000100000 00111100011000000010 00110101101000000100 ]
408 [ 01010101101000100000 00111100011000010000 00110101101000001000 ]
490 [ 01000010000010011011 00010110011000100010 00010110001000100011 ]
500 [ 00110110001010010000 00110110001000000011 00110100001101000100 ]
537 [ 00100110001110010000 00100110001100000011 00010110001101000100 ]
540 [ 00100110001101000100 00010110001110010000 00010110001100000011 ]
261 [ 10100110001110000000 10100110001100000010 01010110001101000000 ]
262 [ 10100110001101000000 01010110001110000000 01010110001100000010 ]
278 [ 10010110001110000000 10010110001100000010 01100110001101000000 ]
279 [ 10010110001101000000 01100110001110000000 01100110001100000010 ]
289 [ 10001110001101000000 01000110101110000000 01000110101100000010 ]
309 [ 10001100001110010000 10001100001100011000 01000110101000011000 ]
336 [ 10001010010010011000 10001000110010011000 01001010001010110000 ]
342 [ 10001010001010110000 01001010010010011000 01001000110010011000 ]
491 [ 01000001100010111000 00100100001010111000 00100100000110111000 ]
519 [ 00101010010010011000 00101000110010011000 00011010001010110000 ]
562 [ 00011100001010110000 00010011100010011000 00010010101010011000 ]
607 [ 00001100001010111000 00001100000110111000 00000011100010111000 ]
307 [ 10001100010010110000 00101100001010110000 00101100000110110000 ]
356 [ 10001000010110110000 00100100011010110000 00100100010110110000 ]
582 [ 00010101001010110000 00010011001010011000 00010001101010011000 ]
609 [ 00001010011010110000 00001010011010011000 00001001110010011000 ]
223 [ 11000110001110000000 11000110001101000000 11000110001100000010 ]
413 [ 01010010001010100010 01010010001010010010 01010010001010000011 ]
464 [ 01000011100010100010 01000011100010010010 01000011100010000011 ]
474 [ 01000010101010100010 01000010101010010010 01000010101010000011 ]
498 [ 00110110001110000000 00110110001101000000 00110110001100000010 ]
587 [ 00010011001010100010 00010011001010010010 00010011001010000011 ]
662 [ 00000101100010111000 00000100101010111000 00000100100110111000 ]
229 [ 10110100011100000000 01110111001000000000 00001110000010110010 00001010110010011000 ]
364 [ 10001000000111010100 10001000000101011100 01000010100000011011 00100100010010100011 ]
300 [ 10001100011100000010 01000111101000000100 00101110011000010000 00010101101100001000 ]
246 [ 10101100001101000000 01010110101010000000 01010110101000000010 00110110011000100000 ]
273 [ 10011100001101000000 01100110101010000000 01100110101000000010 01100110011000100000 ]
297 [ 10001100011101000000 01000111101010000000 01000111101000000010 00101110011000100000 ]
334 [ 10001010010010110000 01001010001010011000 01001001100010011000 00100110000110110000 ]
374 [ 10000110000110110000 00101010010010110000 00011010001010011000 00011001100010011000 ]
494 [ 00111100011100000000 00110111101000000000 00001010000010110011 00000110000010110011 ]
211 [ 11100110001100000000 11010110001100000000 00001100100010111000 00000110100010111000 ]
228 [ 10110110001100000000 01110110001100000000 00001110000010111000 00001010100010111000 ]
249 [ 10101100000010110000 00001100011010110000 00001100010110110000 00000011101010011000 ]
264 [ 10100100011101000000 01010111001010000000 01010111001000000010 00110111001000100000 ]
288 [ 10001110001110000000 10001110001100000010 01000110101101000000 00100110010010010010 ]
343 [ 10001010001010011000 10001001100010011000 01001010010010110000 01000110000110110000 ]
510 [ 00101100011101000000 00010111101010000000 00010111101000100000 00010111101000000010 ]
401 [ 01010111001000100000 00110111001010000000 00110111001000000010 00110100011101000000 ]
524 [ 00101000010010111000 00100110001010010010 00100110001010000011 00010010001010111000 ]
550 [ 00100100011101000010 00010111001010000100 00010111001000100100 00010111001000000110 ]
230 [ 10110100001101000000 01110110001010000000 01110110001000100000 01110110001000000010 ]
266 [ 10100100011100000010 01010111001000000100 00110111001000000100 00110100011100000010 ]
488 [ 01000010000010111010 00010110011010000010 00010110001010010010 00010110001010000011 ]
221 [ 11001010000010110000 11001010000010011000 11001000100010011000 01100110000010110000 ]
347 [ 10001010000110011000 10001000100110011000 01001010100010110000 01000110100010110000 ]
645 [ 00000110001111010000 00000110001111000100 00000110001101000110 00000110001101000011 ]
367 [ 10000110001111000000 10000110001101000010 01000110001111000000 01000110001101000010 ]
535 [ 00100110001111000000 00100110001101000010 00010110001111000000 00010110001101000010 ]
354 [ 10001000110000011010 10000101000101100100 01001001100000011100 00100110000111100000 00010001100101001100 ]
373 [ 10000110000111100000 01000001100101001100 00101000110000011010 00100101000101100100 00011001100000011100 ]
272 [ 10011100011100000000 10010101101100000000 01101110011000000000 01100111101000000000 00000010100010011011 ]
285 [ 10001110011100000000 10001000000111110000 01001010110000001010 01000111101100000000 00100100010010110010 ]
304 [ 10001100010101010000 01000011101010001000 01000011101000001010 00101100011000100010 00101100010100100010 ]
306 [ 10001100010100100010 00101100010101010000 00010101101000101000 00010011101010001000 00010011101000001010 ]
353 [ 10001001100000011100 10000001100101001100 01001000110000011010 01000110000111100000 00010101000101100100 ]
227 [ 10111100001100000000 10110101001100000000 01110110101000000000 01110110011000000000 00001010100010011010 ]
256 [ 10101000010010110000 10100100000110110000 01010010001010011000 01010001100010011000 00110100001010110000 ]
292 [ 10001110001010010000 00001001110000011100 00001001110000011010 00000101100101100100 00000101100101001100 ]
345 [ 10001010000111010000 10001001000101010100 10001000100101011000 01001010100000011010 01000110100010101000 ]
471 [ 01000010110010100010 01000010110010010010 00100110011101000000 00010111001110000000 00010111001100000010 ]
626 [ 00001001100001011100 00001000110000011011 00000110000111100100 00000101000111100100 00000001100101011100 ]
244 [ 10101100010000010010 10101100000101100000 10101000010100010010 10100100010101100000 01010011100000001100 01010001101000001100 ]
250 [ 10101010011000000010 01011010011000000010 00001110010010110000 00001110000110110000 00001011100010011000 00001010101010011000 ]
319 [ 10001100000101110000 10001000010101010010 01000011100010001100 01000011100000001110 00101100010000110010 00100100010101100010 ]
326 [ 10001010011010010000 10001001110000011000 10000101100101000100 01001010011010010000 01001001110000011000 00010101100101000100 ]
341 [ 10001010001110010000 10001001100101000100 10001001100100011000 01001010110010010000 01001010110000011000 01000110100110100000 ]
456 [ 01000101100101000100 00101010011010010000 00101001110000011000 00100101100101000100 00011010011010010000 00011001110000011000 ]
315 [ 10001100000111100000 10001000010100010011 01000011100001001100 00101100010010010010 00101100010000011010 00100100010101100100 00010001101000011100 ]
320 [ 10001100000101100100 10001000010110010010 10001000010100011010 01000011100000011100 00101100010000010011 00100100010111100000 00010001101001001100 ]
217 [ 11001010010010010000 11001010001010010000 11001001100000011000 11001000110000011000 10010101000101000100 10010001100101000100 01100110000110100000 ]
225 [ 11000110000110100000 11000001100101000100 10011010001010010000 10011001100000011000 01101010010010010000 01101000110000011000 00110101000101000100 ]
252 [ 10101010010010010000 10101000110000011000 10100110000110100000 10100101000101000100 01011010001010010000 01011001100000011000 01010001100101000100 ]
258 [ 10101000010010010010 10101000010000011010 10101000010000010011 10100100000111100000 10100100000101100100 01010001100001001100 01010001100000011100 ]
293 [ 10001110000110100000 01000011100101000100 00101110010010010000 00101100110000011000 00100101010101000100 00011011001010010000 00011001101000011000 ]
296 [ 10001101000101000100 10001010010110010000 10001000110100011000 01001011100000011000 01001010101010010000 00100110010110100000 00010001101101000100 ]
369 [ 10000110001110010000 10000110001100000011 10000100000110111000 01000110001101000100 00100110001010011000 00010100001010111000 00010001100010111000 ]
239 [ 10101100010101000000 10101100010100100000 10101100010100010000 10101100010100000010 01010011101010000000 01010011101000001000 01010011101000000100 01010011101000000010 ]
214 [ 11001010100010010000 11001010100000011000 11001010000110010000 11001000100100011000 10011001000101000100 10010001001101000100 01100110100010100000 01100110010010100000 ]
294 [ 10001110000110010000 10001100100100011000 10001001010101000100 01001011100010010000 01001010101000011000 01000111100010100000 00101110010010100000 00010011001101000100 ]
303 [ 10001100010101100000 10001100010100010010 01000011101000001100 00101100011000010010 00101100010101100000 00101100010100010010 00010101101000001100 00010011101000001100 ]
322 [ 10001100000100111000 10001000010101000110 01000011100010100100 01000011100010010100 01000011100000000111 00100100010101000011 00010101001001100100 00010011001011000100 00010011001001000110 ]
358 [ 10001000010101000011 01000011100011000100 01000011100001000110 00101100010000111000 00100100010101000110 00010101001010100100 00010011001010100100 00010011001010010100 00010011001000000111 ]
311 [ 10001100001101010000 01000110101010001000 01000110101000001010 01000010110010001010 01000010100010101010 01000010100010001011 00101110011100000000 00010111101100000000 00000010000010111011 ]
316 [ 10001100000111010000 10001100000101011000 10001000010101010100 01000011100010101000 01000011100000001011 01000010101000011010 00101100010010100010 00100100011000100011 00100100010100100011 ]
321 [ 10001100000101010100 10001000010111010000 10001000010101011000 01000011100000011010 01000010101010101000 01000010101000001011 00101100010000100011 00100100011010100010 00100100010110100010 ]
242 [ 10101100010000110000 10101100000100110000 10101000010101000010 10100100010101000010 01010011100010000100 01010011100000000110 01010011001010000100 01010011001000000110 00110101001000100100 ]
243 [ 10101100010000100010 10101100000101010000 10101000010101010000 10100100010100100010 01010011100010001000 01010011100000001010 01010010101010001000 01010010101000001010 00110100011000100010 ]
305 [ 10001100010101000010 10001100010100110000 01000011101010000100 01000011101000000110 00101100011000110000 00101100010101000010 00101100010100110000 00010101101000100100 00010011101010000100 00010011101000000110 ]
241 [ 10101100010010010000 10101100010000011000 10101100000110100000 10101000010100000011 10100100010101000100 01010011100001000100 01010011001010100000 01010011001010010000 01010011001000000011 01010001101000011000 00110101001010100000 ]
245 [ 10101100010000000011 10101100000101000100 10101000010110010000 10101000010100011000 10100100010110100000 01010011100000011000 01010010101010100000 01010010101010010000 01010010101000000011 01010001101001000100 00110100011010100000 ]
362 [ 10001000010010010011 10001000010000011011 10000110001101000100 10000100000111100100 01000110001110010000 01000110001100000011 01000001100001011100 00101000010010010011 00101000010000011011 00100100000111100100 00010001100001011100 ]
240 [ 10101100010010100000 10101100000110010000 10101100000100011000 10101000010101000100 10100100010100000011 01010011100010100000 01010011100010010000 01010011100000000011 01010011001001000100 01010010101000011000 00110101001001000100 00110100011000000011 ]
302 [ 10001100010110010000 10001100010101000100 10001100010100011000 01000011101010100000 01000011101010010000 01000011101000011000 01000011101000000011 00101100011010100000 00101100011000000011 00101100010110100000 00101100010100000011 00010101101001000100 00010011101001000100 ]
301 [ 10001100010110100000 10001100010100000011 01000011101001000100 00101100011010010000 00101100011000011000 00101100010110010000 00101100010101000100 00101100010100011000 00010101101010100000 00010101101000011000 00010011101010100000 00010011101010010000 00010011101000011000 00010011101000000011 ]
