Indice IndiceOld Caracteristique atome
0 0 Si 1
1 1 Si 2
2 2 Si 3
3 3 Si 4
4 4 OS 1
5 5 OS 2
6 6 OS 3
7 7 OS 4
8 8 OS 5
9 9 OS 6
10 10 OS 7
11 11 OS 8
12 20 O 9
13 23 O 10
14 26 O 11
15 29 O 12
16 32 O 13
17 35 O 14
18 38 O 15
19 41 O 16
Matrice Adjacence
0  0  0  0  1  0  0  0  0  0  0  1  0  0  0  0  0  0  0  0  
0  0  0  0  0  0  1  0  1  0  0  0  0  0  0  0  0  0  0  0  
0  0  0  0  0  1  0  0  0  1  0  0  0  0  0  0  0  0  0  0  
0  0  0  0  0  0  0  1  0  0  1  0  0  0  0  0  0  0  0  0  
1  0  0  0  0  0  0  0  0  2  0  0  0  0  0  0  0  0  0  0  
0  0  1  0  0  0  0  0  0  0  0  2  0  0  0  0  0  0  0  0  
0  1  0  0  0  0  0  0  0  0  2  0  0  0  0  0  0  0  0  0  
0  0  0  1  0  0  0  0  0  0  0  0  0  0  0  0  0  2  0  0  
0  1  0  0  0  0  0  2  0  0  0  0  0  0  0  0  0  0  0  0  
0  0  1  0  0  0  0  0  0  0  0  0  0  0  0  0  0  0  2  0  
0  0  0  1  0  2  0  0  0  0  0  0  0  0  0  0  0  0  0  0  
1  0  0  0  0  0  0  0  0  0  0  0  0  2  0  0  0  0  0  0  
0  0  0  0  0  0  2  0  0  0  0  0  0  0  2  0  0  0  0  0  
0  0  0  0  0  0  0  0  0  0  0  0  0  0  0  0  0  2  0  0  
0  0  0  0  0  2  0  0  0  0  0  0  0  0  0  0  0  0  0  0  
0  0  0  0  2  0  0  0  0  0  0  0  2  0  0  0  0  0  0  0  
0  0  0  0  0  0  0  0  2  0  0  0  0  0  0  2  0  0  0  0  
0  0  0  0  0  0  0  0  0  0  0  0  0  0  0  0  0  0  0  0  
0  0  0  0  0  0  2  0  0  0  0  0  0  0  0  0  0  0  0  2  
0  0  0  0  0  0  0  0  0  0  0  0  0  0  0  0  0  0  0  0  

Nombre de sous-graphes connexes :3962
Nombre de certificats différents :1891
Ordre Nb_certif Nb_unique Nb_sg :
3 3 0 47
4 11 3 99
5 43 14 221
6 153 61 491
7 470 250 1043
8 1211 792 2061
