identifiant liste_combi 
0 [ 10001000010000000000 10001000000000010000 10000000000101000000 01000010001000000000 01000010000010000000 01000010000000000010 01000001100000000000 00101000010000000000 00100100001000000000 00100000010000000010 00010100001000000000 00010010001000000000 00010001100000000000 00010001000000000100 00001000000010010000 00001000000000011000 00000010000010100000 00000010000010010000 00000010000000000110 00000001000000000110 00000000010000000110 00000000000101000001 ]
1 [ 10001000000100000000 01000010100000000000 00100100010000000000 00010001001000000000 00001000010000010000 00001000010000000010 00000010001010000000 00000010001000000010 00000010000010000010 00000001100000000100 ]
2 [ 00000110001000000000 00000010010000000010 00000000000010110000 00000000000010011000 ]
3 [ 10101000010000000000 01010010001000000000 01010001100000000000 00110100001000000000 00001010000010010000 00000011000000000110 00000001010000000110 00000000000010111000 ]
4 [ 10001000010100000000 10001000000101000000 10001000000100010000 01000011100000000000 01000010101000000000 01000010100010000000 01000010100000000010 00101100010000000000 00100100011000000000 00100100010000000010 00010101001000000000 00010011001000000000 00010001101000000000 00010001001000000100 00001000010000010010 00000010000010100010 00000010000010010010 00000010000010000110 ]
5 [ 10001000010000010000 01000010001010000000 01000010001000000010 01000010000010000010 00101000010000000010 00010110001000000000 00010001100000000100 00001000000010011000 00000010001010000010 00000010000010110000 ]
6 [ 10001000010000000010 10001000000010010000 10001000000000011000 10000000000101000001 01000110001000000000 01000010000010100000 01000010000010010000 01000010000000000110 01000001100000000100 00101000010000010000 00100110001000000000 00100000010000000110 00010010001010000000 00010010001000000010 00010001000000000110 00001000000010110000 00000010000010011000 ]
7 [ 01000010010000000010 00100010010000000010 ]
8 [ 00001010010000000010 00000010011000000010 ]
9 [ 00001000010010010000 00001000010000011000 00001000010000000110 00000010001010100000 00000010001010010000 00000010001000000110 00000001100000000110 ]
10 [ 00000110001010000000 00000110001000000010 ]
11 [ 00000010010010000010 ]
12 [ 00000010010000000110 ]
13 [ 10101100010000000000 10101000010100000000 01010011100000000000 01010011001000000000 01010010101000000000 01010001101000000000 00110101001000000000 00110100011000000000 00001010000010010010 00000011000010000110 ]
14 [ 10101000010000010000 10101000010000000010 01010010001010000000 01010010001000000010 01010001100000000100 ]
15 [ 10001010010000000010 00010010011000000010 ]
16 [ 10001010000010010000 01001010000010010000 01000011000000000110 00100001010000000110 00010011000000000110 00010001010000000110 ]
17 [ 10001000010101000000 10001000000101010000 01000011101000000000 01000011100010000000 01000011100000000010 00101100011000000000 00100100011000000010 00010101101000000000 00010101001000000100 00010011101000000000 00010011001000000100 00000010000010100110 00000010000010010110 ]
18 [ 10001000010100010000 01000010101010000000 01000010101000000010 00101100010000000010 00010001101000000100 ]
19 [ 10001000010100000010 01000011100000000100 00101100010000010000 00010011001010000000 00010011001000000010 ]
20 [ 10001000010010010000 10001000010000011000 01000010001010100000 01000010001010010000 01000010001000000110 00101000010000000110 00010001100000000110 ]
21 [ 10001000010000010010 01000110001010000000 01000110001000000010 00101000010000010010 ]
22 [ 10001000010000000110 10001000000010110000 01000010000010011000 01000001100000000110 00101000010010010000 00101000010000011000 00100110001010000000 00100110001000000010 00010010001010100000 00010010001010010000 00010010001000000110 ]
23 [ 10001000000110010000 10001000000101000001 10001000000100011000 01000110101000000000 01000010110000000010 01000010100010100000 01000010100010010000 01000010100000000110 00100110011000000000 00100110010000000010 00100100010000000110 00010001001000000110 00000010000010011010 ]
24 [ 10001000000010011000 01000010000010110000 00010010001010000010 ]
25 [ 01100110001000000000 ]
26 [ 01100010010000000010 ]
27 [ 01010110001000000000 00110110001000000000 00001010000010110000 00001010000010011000 ]
28 [ 01001010010000000010 00100010011000000010 ]
29 [ 01000010100010000010 00010111001000000000 00000010000010110010 ]
30 [ 01000010011000000010 00101010010000000010 ]
31 [ 01000010010010000010 ]
32 [ 01000010010000000110 00100010010000000110 ]
33 [ 01000010001010000010 ]
34 [ 01000010000010100010 01000010000010010010 01000010000010000110 00010110001010000000 00010110001000000010 00001000000010111000 00000010000010111000 ]
35 [ 00100010010010000010 ]
36 [ 00001010011000000010 ]
37 [ 00001010010010010000 00001010001010010000 00001001010000000110 00000011100000000110 00000011001000000110 00000001110000000110 ]
38 [ 00001010010010000010 ]
39 [ 00001010010000010010 ]
40 [ 00001010010000000110 00000010011000000110 ]
41 [ 00001000010010110000 00000010001010011000 ]
42 [ 00001000010010011000 00000010001010110000 ]
43 [ 00001000010010010010 00001000010000011010 00001000010000010110 ]
44 [ 00000110011000000010 ]
45 [ 00000110001010100000 00000110001010010000 00000110001000000110 ]
46 [ 00000110001010000010 ]
47 [ 00000011010000000110 ]
48 [ 00000010011010000010 ]
49 [ 00000010010010100010 00000010010010010010 ]
50 [ 00000010010010000110 ]
51 [ 00000010001010100010 00000010001010010010 00000010001010000110 ]
52 [ 11001010010000000010 00110010011000000010 ]
53 [ 11001010000010010000 01010011000000000110 00110001010000000110 00001010011010010000 00001001110000000110 00000011101000000110 ]
54 [ 10101100011000000000 01010101101000000000 00111100011000000000 00110101101000000000 00001010000010010110 00000011000010100110 00000011000010010110 ]
55 [ 10101100010100000000 00110101011000000000 ]
56 [ 10101100010000010000 10101000010100000010 01010011100000000100 01010011001010000000 01010011001000000010 ]
57 [ 10101100010000000010 10101000010100010000 01010010101010000000 01010010101000000010 01010001101000000100 ]
58 [ 10101010010000000010 01010010011000000010 ]
59 [ 10101000010101000000 01010011100010000000 01010011100000000010 01010011001000000100 00110101001000000100 00110100011000000010 ]
60 [ 10101000010010010000 10101000010000011000 10101000010000000110 01010010001010100000 01010010001010010000 01010010001000000110 01010001100000000110 ]
61 [ 10101000010000010010 ]
62 [ 10001010011000000010 00011010011000000010 ]
63 [ 10001010010100000010 00010011011000000010 ]
64 [ 10001010010010010000 01001010001010010000 01000011001000000110 00101001010000000110 00010011100000000110 00010001110000000110 ]
65 [ 10001010010010000010 ]
66 [ 10001010010000010010 ]
67 [ 10001010010000000110 00010010011000000110 ]
68 [ 10001010001010010000 01001010010010010000 00100001110000000110 00011001010000000110 ]
69 [ 10001010000110010000 01001010100010010000 00100101010000000110 00010001011000000110 ]
70 [ 10001010000010110000 01001010000010011000 ]
71 [ 10001010000010011000 01001010000010110000 ]
72 [ 10001010000010010010 00010011000010000110 ]
73 [ 10001001010000000110 01000001110000000110 00101010010010010000 00011010001010010000 ]
74 [ 10001000010110010000 10001000010100011000 01000010101010100000 01000010101010010000 01000010101000000110 00101100010000000110 00010001101000000110 ]
75 [ 10001000010101010000 ]
76 [ 10001000010101000010 01000011100010000100 00010011001010000100 ]
77 [ 10001000010101000001 01000011100010100000 01000011100010010000 00100100011000000110 00010101001000000110 ]
78 [ 10001000010100010010 00101100010000010010 ]
79 [ 10001000010100000110 00101100010010010000 00101100010000011000 00010011001010100000 00010011001010010000 ]
80 [ 10001000010010110000 01000010001010011000 ]
81 [ 10001000010010011000 01000010001010110000 ]
82 [ 10001000010010010010 10001000010000011010 01000110001010100000 01000110001010010000 01000110001000000110 00101000010000010110 ]
83 [ 10001000010000010110 00101000010010010010 00101000010000011010 ]
84 [ 10001000000111010000 10001000000101011000 10001000000101010001 01000111101000000000 00101110011000000000 00000010000010011110 ]
85 [ 10001000000110110000 01001010110000000010 01000010100010011000 ]
86 [ 10001000000110011000 01000010100010110000 ]
87 [ 10001000000010111000 01000010000010111000 00010010001010100010 00010010001010010010 00010010001010000110 ]
88 [ 01110110001000000000 ]
89 [ 01101010010000000010 01100010011000000010 ]
90 [ 01100110101000000000 01100110011000000000 ]
91 [ 01100110010000000010 01100010110000000010 ]
92 [ 01100110001010000000 01100110001000000010 ]
93 [ 01100010010010000010 ]
94 [ 01100010010000000110 ]
95 [ 01010111001000000000 00110111001000000000 00001010000010110010 ]
96 [ 01010110101000000000 00110110011000000000 00001010000010011010 ]
97 [ 01010110001010000000 01010110001000000010 ]
98 [ 01010011101000000000 ]
99 [ 01010010001010000010 ]
100 [ 01001010011000000010 00101010011000000010 ]
101 [ 01001010010010000010 ]
102 [ 01001010010000010010 ]
103 [ 01001010010000000110 00100010011000000110 ]
104 [ 01001010000010010010 01000011000010000110 ]
105 [ 01000110101010000000 01000110101000000010 01000010110010000010 01000010100010100010 01000010100010010010 01000010100010000110 00000010000010111010 ]
106 [ 01000110011000000010 ]
107 [ 01000110001010000010 ]
108 [ 01000011110000000010 ]
109 [ 01000011101010000000 01000011101000000010 00101100011000000010 00010101101000000100 00010011101000000100 ]
110 [ 01000011101000000100 00101100011000010000 00010011101010000000 00010011101000000010 ]
111 [ 01000011100010000010 ]
112 [ 01000011100000000110 00010011001000000110 ]
113 [ 01000011010000000110 00100011010000000110 ]
114 [ 01000010111000000010 00101110010000000010 ]
115 [ 01000010110000000110 00100110010000000110 ]
116 [ 01000010101010000010 ]
117 [ 01000010011010000010 ]
118 [ 01000010011000000110 00101010010000000110 ]
119 [ 01000010010010100010 01000010010010010010 ]
120 [ 01000010010010000110 ]
121 [ 01000010001010100010 01000010001010010010 01000010001010000110 ]
122 [ 01000010000010110010 00010110001010000010 ]
123 [ 01000010000010100110 01000010000010010110 ]
124 [ 01000010000010011010 00010110011000000010 00010110001010100000 00010110001010010000 00010110001000000110 ]
125 [ 00110110001010000000 00110110001000000010 ]
126 [ 00101010010010000010 ]
127 [ 00101010010000010010 ]
128 [ 00101000010010110000 00100110001010100000 00100110001010010000 00100110001000000110 00010010001010011000 ]
129 [ 00101000010010011000 00100110001010000010 00010010001010110000 ]
130 [ 00100110011010000000 ]
131 [ 00100110011000000010 ]
132 [ 00100110010010000010 ]
133 [ 00100010011010000010 ]
134 [ 00100010010010100010 00100010010010010010 ]
135 [ 00100010010010000110 ]
136 [ 00010111101000000000 00010111001000000100 00000010000010110110 ]
137 [ 00010111001010000000 00010111001000000010 ]
138 [ 00010011010000000110 ]
139 [ 00010011001010000010 ]
140 [ 00010010011010000010 ]
141 [ 00001110011000000010 ]
142 [ 00001110001010010000 00000111001000000110 ]
143 [ 00001011010000000110 00000011011000000110 ]
144 [ 00001010011010000010 ]
145 [ 00001010011000010010 ]
146 [ 00001010011000000110 ]
147 [ 00001010010010110000 00001010001010011000 ]
148 [ 00001010010010100010 ]
149 [ 00001010010010011000 00001010001010110000 ]
150 [ 00001010010010010010 ]
151 [ 00001010010010000110 ]
152 [ 00001010010000011010 ]
153 [ 00001010010000010110 ]
154 [ 00001010001010010010 00000011001010000110 ]
155 [ 00001010000010111000 ]
156 [ 00001001010000010110 ]
157 [ 00001000010010111000 00000010001010111000 ]
158 [ 00001000010010110010 ]
159 [ 00001000010010011010 ]
160 [ 00001000010010010110 00001000010000011110 ]
161 [ 00000110011010000010 ]
162 [ 00000110011000000110 ]
163 [ 00000110001010110000 ]
164 [ 00000110001010100010 00000110001010010010 00000110001010000110 ]
165 [ 00000110001010011000 ]
166 [ 00000011110000000110 ]
167 [ 00000011100010000110 ]
168 [ 00000011010010000110 ]
169 [ 00000010011010100010 00000010011010010010 ]
170 [ 00000010011010000110 ]
171 [ 00000010010010110010 ]
172 [ 00000010010010100110 00000010010010010110 ]
173 [ 00000010010010011010 ]
174 [ 00000010001010110010 ]
175 [ 00000010001010100110 00000010001010010110 ]
176 [ 00000010001010011010 ]
177 [ 11101010010000000010 01110010011000000010 ]
178 [ 11001010110000000010 ]
179 [ 11001010100010010000 11001010000110010000 00110101010000000110 00110001011000000110 ]
180 [ 11001010011000000010 00111010011000000010 ]
181 [ 11001010010100000010 00110011011000000010 ]
182 [ 11001010010010010000 11001010001010010000 00111001010000000110 00110001110000000110 ]
183 [ 11001010010010000010 ]
184 [ 11001010010000010010 ]
185 [ 11001010010000000110 00110010011000000110 ]
186 [ 11001010000010110000 11001010000010011000 ]
187 [ 11001010000010010010 01010011000010000110 00000011101010000110 ]
188 [ 10111100011000000000 01110101101000000000 00001011000010010110 ]
189 [ 10101110011000000000 00000011000010011110 ]
190 [ 10101110010000000010 01010010111000000010 ]
191 [ 10101100011100000000 00111101011000000000 00110101111000000000 ]
192 [ 10101100011000010000 ]
193 [ 10101100011000000010 01010101101000000100 ]
194 [ 10101100010101000000 00110101011000000100 00110101011000000010 ]
195 [ 10101100010100010000 10101100010100000010 ]
196 [ 10101100010010010000 10101100010000011000 10101000010100000110 01010011001010100000 01010011001010010000 ]
197 [ 10101100010000010010 10101000010100010010 ]
198 [ 10101100010000000110 10101000010110010000 10101000010100011000 01010010101010100000 01010010101010010000 01010010101000000110 01010001101000000110 ]
199 [ 10101010011000000010 01011010011000000010 ]
200 [ 10101010010100000010 01010011011000000010 ]
201 [ 10101010010010010000 10101001010000000110 01011010001010010000 01010001110000000110 ]
202 [ 10101010010010000010 ]
203 [ 10101010010000010010 ]
204 [ 10101010010000000110 01010010011000000110 ]
205 [ 10101000010101010000 ]
206 [ 10101000010101000010 01010011100010000100 01010011001010000100 ]
207 [ 10101000010101000001 01010011100010100000 01010011100010010000 00110101001000000110 00110100011000000110 ]
208 [ 10101000010010110000 01010010001010011000 ]
209 [ 10101000010010011000 01010010001010110000 ]
210 [ 10101000010010010010 10101000010000011010 10101000010000010110 ]
211 [ 10011010011000000010 ]
212 [ 10011010001010010000 10011001010000000110 01101010010010010000 01100001110000000110 ]
213 [ 10001110011000000010 ]
214 [ 10001110001010010000 00001001110000010110 ]
215 [ 10001011010000000110 ]
216 [ 10001010011100000010 00011011011000000010 ]
217 [ 10001010011010010000 01001010011010010000 00101001110000000110 00011001110000000110 ]
218 [ 10001010011010000010 ]
219 [ 10001010011000010010 ]
220 [ 10001010011000000110 00011010011000000110 ]
221 [ 10001010010110010000 01001010101010010000 00101101010000000110 00010001111000000110 ]
222 [ 10001010010110000010 ]
223 [ 10001010010101000010 ]
224 [ 10001010010100010010 ]
225 [ 10001010010100000110 ]
226 [ 10001010010010110000 01001010001010011000 ]
227 [ 10001010010010100010 ]
228 [ 10001010010010011000 01001010001010110000 ]
229 [ 10001010010010010010 ]
230 [ 10001010010010000110 ]
231 [ 10001010010000011010 ]
232 [ 10001010010000010110 ]
233 [ 10001010001110010000 01001010110010010000 00100101110000000110 00011001011000000110 ]
234 [ 10001010001010110000 01001010010010011000 ]
235 [ 10001010001010011000 01001010010010110000 ]
236 [ 10001010001010010010 ]
237 [ 10001010000111010000 ]
238 [ 10001010000110110000 01001010100010011000 ]
239 [ 10001010000110011000 01001010100010110000 ]
240 [ 10001010000110010010 ]
241 [ 10001010000010111000 01001010000010111000 ]
242 [ 10001010000010110010 ]
243 [ 10001010000010011010 ]
244 [ 10001010000010010110 00010011000010100110 00010011000010010110 ]
245 [ 10001001110000000110 01001001110000000110 00101010011010010000 00011010011010010000 ]
246 [ 10001001010100000110 00101110010010010000 00011011001010010000 ]
247 [ 10001001010000010110 ]
248 [ 10001000010111010000 10001000010101011000 ]
249 [ 10001000010110110000 01000010101010011000 ]
250 [ 10001000010110011000 01000010101010110000 ]
251 [ 10001000010110010010 10001000010100011010 00101100010000010110 ]
252 [ 10001000010101010010 ]
253 [ 10001000010101010001 ]
254 [ 10001000010101000110 00010011001010100100 00010011001010010100 ]
255 [ 10001000010101000011 01000011100010100100 01000011100010010100 ]
256 [ 10001000010100010110 00101100010010010010 00101100010000011010 ]
257 [ 10001000010010111000 01000011011000000110 01000010001010111000 00101011010000000110 ]
258 [ 10001000010010110010 ]
259 [ 10001000010010011010 ]
260 [ 10001000010010010110 10001000010000011110 00101000010010010110 00101000010000011110 ]
261 [ 10001000000111110000 ]
262 [ 10001000000111011000 ]
263 [ 10001000000111010001 10001000000101011001 ]
264 [ 10001000000110111000 01000010100010111000 ]
265 [ 01110111001000000000 ]
266 [ 01110110101000000000 01110110011000000000 ]
267 [ 01110110001010000000 01110110001000000010 ]
268 [ 01101110011000000000 01100111101000000000 ]
269 [ 01101110010000000010 01100010111000000010 ]
270 [ 01101010110000000010 ]
271 [ 01101010011000000010 ]
272 [ 01101010010010000010 ]
273 [ 01101010010000010010 ]
274 [ 01101010010000000110 01100010011000000110 ]
275 [ 01100110111000000000 ]
276 [ 01100110110000000010 ]
277 [ 01100110101010000000 01100110101000000010 ]
278 [ 01100110011010000000 ]
279 [ 01100110011000000010 ]
280 [ 01100110010010000010 ]
281 [ 01100110010000000110 01100010110000000110 ]
282 [ 01100110001010100000 01100110001010010000 01100110001000000110 ]
283 [ 01100110001010000010 ]
284 [ 01100011110000000010 ]
285 [ 01100011010000000110 ]
286 [ 01100010110010000010 ]
287 [ 01100010011010000010 ]
288 [ 01100010010010100010 01100010010010010010 ]
289 [ 01100010010010000110 ]
290 [ 01010111101000000000 ]
291 [ 01010111001010000000 01010111001000000010 ]
292 [ 01010111001000000100 00110111001000000100 ]
293 [ 01010110101010000000 01010110101000000010 ]
294 [ 01010110011000000010 ]
295 [ 01010110001010100000 01010110001010010000 01010110001000000110 ]
296 [ 01010110001010000010 ]
297 [ 01010011110000000010 ]
298 [ 01010011101010000000 01010011101000000100 01010011101000000010 ]
299 [ 01010011100010000010 ]
300 [ 01010011100000000110 01010011001000000110 ]
301 [ 01010011010000000110 00110011010000000110 ]
302 [ 01010011001010000010 ]
303 [ 01010010101010000010 ]
304 [ 01010010011010000010 ]
305 [ 01010010001010100010 01010010001010010010 01010010001010000110 ]
306 [ 01001110011000000010 ]
307 [ 01001110001010010000 01000111001000000110 ]
308 [ 01001011110000000010 ]
309 [ 01001011100010010000 00100101011000000110 00010101011000000110 ]
310 [ 01001011010000000110 00100011011000000110 ]
311 [ 01001010111000000010 01001010110010000010 01000010100010011010 ]
312 [ 01001010110000010010 ]
313 [ 01001010110000000110 ]
314 [ 01001010100010010010 ]
315 [ 01001010011010000010 ]
316 [ 01001010011000010010 ]
317 [ 01001010011000000110 00101010011000000110 ]
318 [ 01001010010010100010 ]
319 [ 01001010010010010010 ]
320 [ 01001010010010000110 ]
321 [ 01001010010000011010 ]
322 [ 01001010010000010110 ]
323 [ 01001010001010010010 01000011001010000110 ]
324 [ 01001010000010110010 ]
325 [ 01001010000010011010 ]
326 [ 01001010000010010110 01000011000010100110 01000011000010010110 ]
327 [ 01000111101010000000 01000111101000000010 ]
328 [ 01000111101000000100 00101110011000010000 ]
329 [ 01000110111000000010 ]
330 [ 01000110101010100000 01000110101010010000 01000110101000000110 ]
331 [ 01000110101010000010 ]
332 [ 01000110011010000010 ]
333 [ 01000110011000000110 ]
334 [ 01000110001010110000 ]
335 [ 01000110001010100010 01000110001010010010 01000110001010000110 ]
336 [ 01000110001010011000 ]
337 [ 01000011111000000010 ]
338 [ 01000011110010000010 ]
339 [ 01000011110000000110 ]
340 [ 01000011101010100000 01000011101010010000 00101100011000000110 00010101101000000110 ]
341 [ 01000011101010000100 00010011101010000100 ]
342 [ 01000011101010000010 ]
343 [ 01000011101000000110 00010011101000000110 ]
344 [ 01000011100010110000 ]
345 [ 01000011100010100010 01000011100010010010 ]
346 [ 01000011100010011000 ]
347 [ 01000011100010000110 ]
348 [ 01000011010010000110 ]
349 [ 01000010111010000010 ]
350 [ 01000010111000000110 00101110010000000110 ]
351 [ 01000010110010100010 01000010110010010010 ]
352 [ 01000010110010000110 ]
353 [ 01000010101010100010 01000010101010010010 01000010101010000110 ]
354 [ 01000010100010110010 ]
355 [ 01000010100010100110 01000010100010010110 ]
356 [ 01000010011010100010 01000010011010010010 ]
357 [ 01000010011010000110 ]
358 [ 01000010010010110010 ]
359 [ 01000010010010100110 01000010010010010110 ]
360 [ 01000010010010011010 ]
361 [ 01000010001010110010 ]
362 [ 01000010001010100110 01000010001010010110 ]
363 [ 01000010001010011010 ]
364 [ 01000010000010111010 00010110011010000010 00010110001010100010 00010110001010010010 00010110001010000110 ]
365 [ 01000010000010110110 ]
366 [ 01000010000010011110 ]
367 [ 00111110011000000000 00001010000010011110 ]
368 [ 00111100011000010000 ]
369 [ 00111100011000000010 00110101101000000100 ]
370 [ 00110111101000000000 00001010000010110110 ]
371 [ 00110111011000000000 ]
372 [ 00110111001010000000 00110111001000000010 ]
373 [ 00110110011010000000 ]
374 [ 00110110011000000010 ]
375 [ 00110110001010100000 00110110001010010000 00110110001000000110 ]
376 [ 00110110001010000010 ]
377 [ 00110010011010000010 ]
378 [ 00101110011010000000 ]
379 [ 00101110011000000010 ]
380 [ 00101110010010000010 ]
381 [ 00101110010000010010 ]
382 [ 00101110001010010000 00100111001000000110 ]
383 [ 00101100011010010000 00101100011000011000 00010011101010100000 00010011101010010000 ]
384 [ 00101100011000010010 ]
385 [ 00101100010010110000 00010011001010011000 ]
386 [ 00101100010010011000 00010011001010110000 ]
387 [ 00101010011010000010 ]
388 [ 00101010011000010010 ]
389 [ 00101010010010110000 00011010001010011000 ]
390 [ 00101010010010100010 ]
391 [ 00101010010010011000 00011010001010110000 ]
392 [ 00101010010010010010 ]
393 [ 00101010010010000110 ]
394 [ 00101010010000011010 ]
395 [ 00101010010000010110 ]
396 [ 00101001010000010110 ]
397 [ 00101000010010111000 00100110001010100010 00100110001010010010 00100110001010000110 00010010001010111000 ]
398 [ 00101000010010110010 ]
399 [ 00101000010010011010 ]
400 [ 00100111010000000110 ]
401 [ 00100110011010100000 00100110011010010000 ]
402 [ 00100110011010000010 ]
403 [ 00100110011000000110 ]
404 [ 00100110010010100010 00100110010010010010 ]
405 [ 00100110010010000110 ]
406 [ 00100110001010110000 ]
407 [ 00100110001010011000 ]
408 [ 00100011110000000110 ]
409 [ 00100011010010000110 ]
410 [ 00100010011010100010 00100010011010010010 ]
411 [ 00100010011010000110 ]
412 [ 00100010010010110010 ]
413 [ 00100010010010100110 00100010010010010110 ]
414 [ 00100010010010011010 ]
415 [ 00011110011000000010 00010110001010011000 ]
416 [ 00011110001010010000 ]
417 [ 00011011010000000110 ]
418 [ 00011010011010000010 ]
419 [ 00011010011000010010 ]
420 [ 00011010001010010010 ]
421 [ 00011001010000010110 ]
422 [ 00010111101010000000 00010111101000000010 ]
423 [ 00010111101000000100 ]
424 [ 00010111011000000010 ]
425 [ 00010111001010100000 00010111001010010000 ]
426 [ 00010111001010000100 ]
427 [ 00010111001010000010 ]
428 [ 00010111001000000110 ]
429 [ 00010110011000000110 ]
430 [ 00010110001010110000 ]
431 [ 00010011111000000010 ]
432 [ 00010011110000000110 ]
433 [ 00010011101010000010 ]
434 [ 00010011100010000110 ]
435 [ 00010011011010000010 ]
436 [ 00010011011000000110 ]
437 [ 00010011010010000110 ]
438 [ 00010011001010100010 00010011001010010010 ]
439 [ 00010011001010000110 ]
440 [ 00010010011010100010 00010010011010010010 ]
441 [ 00010010011010000110 ]
442 [ 00010010001010110010 ]
443 [ 00010010001010100110 00010010001010010110 ]
444 [ 00010010001010011010 ]
445 [ 00001110011010010000 00000111101000000110 ]
446 [ 00001110011010000010 ]
447 [ 00001110011000010010 ]
448 [ 00001110011000000110 ]
449 [ 00001110001010110000 ]
450 [ 00001110001010011000 ]
451 [ 00001110001010010010 00000111001010000110 ]
452 [ 00001011110000000110 00000011111000000110 ]
453 [ 00001011011000000110 ]
454 [ 00001011010010000110 ]
455 [ 00001011010000010110 ]
456 [ 00001010011010110000 00001010011010011000 ]
457 [ 00001010011010100010 ]
458 [ 00001010011010010010 ]
459 [ 00001010011010000110 ]
460 [ 00001010011000011010 ]
461 [ 00001010011000010110 ]
462 [ 00001010010010111000 00001010001010111000 ]
463 [ 00001010010010110010 ]
464 [ 00001010010010100110 ]
465 [ 00001010010010011010 ]
466 [ 00001010010010010110 ]
467 [ 00001010010000011110 ]
468 [ 00001010001010110010 ]
469 [ 00001010001010011010 ]
470 [ 00001010001010010110 00000011001010100110 00000011001010010110 ]
471 [ 00001010000010111010 ]
472 [ 00001001010010010110 00001001010000011110 ]
473 [ 00001000010010111010 ]
474 [ 00001000010010110110 ]
475 [ 00001000010010011110 ]
476 [ 00000111011000000110 ]
477 [ 00000110011010100010 00000110011010010010 ]
478 [ 00000110011010000110 ]
479 [ 00000110001010111000 ]
480 [ 00000110001010110010 ]
481 [ 00000110001010100110 00000110001010010110 ]
482 [ 00000110001010011010 ]
483 [ 00000011110010000110 ]
484 [ 00000011100010100110 00000011100010010110 ]
485 [ 00000011011010000110 ]
486 [ 00000011010010100110 00000011010010010110 ]
487 [ 00000011000010110110 ]
488 [ 00000010011010110010 ]
489 [ 00000010011010100110 00000010011010010110 ]
490 [ 00000010011010011010 ]
491 [ 00000010010010111010 ]
492 [ 00000010010010110110 ]
493 [ 00000010010010011110 ]
494 [ 00000010001010111010 ]
495 [ 00000010001010110110 ]
496 [ 00000010001010011110 ]
497 [ 00000010000010111110 ]
498 [ 11101110011000000000 ]
499 [ 11101110010000000010 01110010111000000010 ]
500 [ 11101010110000000010 ]
501 [ 11101010011000000010 01111010011000000010 ]
502 [ 11101010010100000010 01110011011000000010 ]
503 [ 11101010010010010000 11011010001010010000 10111001010000000110 01110001110000000110 ]
504 [ 11101010010010000010 ]
505 [ 11101010010000010010 ]
506 [ 11101010010000000110 01110010011000000110 ]
507 [ 11011010011000000010 10111010011000000010 ]
508 [ 11001110011000000010 ]
509 [ 11001110001010010000 ]
510 [ 11001011110000000010 ]
511 [ 11001011100010010000 ]
512 [ 11001011010000000110 ]
513 [ 11001010111000000010 ]
514 [ 11001010110100000010 ]
515 [ 11001010110010010000 11001010001110010000 00111001011000000110 00110101110000000110 ]
516 [ 11001010110010000010 ]
517 [ 11001010110000010010 ]
518 [ 11001010110000000110 ]
519 [ 11001010101010010000 11001010010110010000 00111101010000000110 00110001111000000110 ]
520 [ 11001010100110010000 ]
521 [ 11001010100010110000 11001010000110011000 ]
522 [ 11001010100010011000 11001010000110110000 ]
523 [ 11001010100010010010 ]
524 [ 11001010011100000010 00111011011000000010 ]
525 [ 11001010011010010000 00111001110000000110 ]
526 [ 11001010011010000010 ]
527 [ 11001010011000010010 ]
528 [ 11001010011000000110 00111010011000000110 ]
529 [ 11001010010110000010 ]
530 [ 11001010010101000010 ]
531 [ 11001010010100010010 ]
532 [ 11001010010100000110 ]
533 [ 11001010010010110000 11001010001010011000 ]
534 [ 11001010010010100010 ]
535 [ 11001010010010011000 11001010001010110000 ]
536 [ 11001010010010010010 ]
537 [ 11001010010010000110 ]
538 [ 11001010010000011010 ]
539 [ 11001010010000010110 ]
540 [ 11001010001010010010 ]
541 [ 11001010000111010000 ]
542 [ 11001010000110010010 ]
543 [ 11001010000010111000 00001010011010111000 ]
544 [ 11001010000010110010 ]
545 [ 11001010000010011010 ]
546 [ 11001010000010010110 01010011000010100110 01010011000010010110 ]
547 [ 11001001110000000110 00111010011010010000 ]
548 [ 10111110011000000000 00001011000010011110 ]
549 [ 10111101011000000000 10111100011100000000 01110101111000000000 ]
550 [ 10111100011000010000 ]
551 [ 10111100011000000010 01110101101000000100 ]
552 [ 10101110011100000000 ]
553 [ 10101110011010000000 ]
554 [ 10101110011000010000 ]
555 [ 10101110011000000010 ]
556 [ 10101110010100000010 ]
557 [ 10101110010010010000 10101001010100000110 01011011001010010000 ]
558 [ 10101110010010000010 ]
559 [ 10101110010000010010 ]
560 [ 10101110010000000110 01010010111000000110 ]
561 [ 10101110001010010000 ]
562 [ 10101101010000000110 10101010010110010000 01011010101010010000 01010001111000000110 ]
563 [ 10101100011101000000 00111101011000000100 00110101111000000010 ]
564 [ 10101100011100010000 ]
565 [ 10101100011100000010 ]
566 [ 10101100011010010000 10101100011000011000 ]
567 [ 10101100011000010010 ]
568 [ 10101100011000000110 01010101101000000110 ]
569 [ 10101100010110010000 10101100010100011000 10101100010100000110 ]
570 [ 10101100010101010000 ]
571 [ 10101100010101000010 ]
572 [ 10101100010101000001 ]
573 [ 10101100010100010010 ]
574 [ 10101100010010110000 01010011001010011000 ]
575 [ 10101100010010011000 01010011001010110000 ]
576 [ 10101100010010010010 10101100010000011010 10101000010100010110 ]
577 [ 10101100010000010110 10101000010110010010 10101000010100011010 ]
578 [ 10101011010000000110 ]
579 [ 10101010011100000010 01011011011000000010 ]
580 [ 10101010011010010000 10101001110000000110 01011010011010010000 01011001110000000110 ]
581 [ 10101010011010000010 ]
582 [ 10101010011000010010 ]
583 [ 10101010011000000110 01011010011000000110 ]
584 [ 10101010010110000010 ]
585 [ 10101010010101000010 ]
586 [ 10101010010100010010 ]
587 [ 10101010010100000110 ]
588 [ 10101010010010110000 01011010001010011000 ]
589 [ 10101010010010100010 ]
590 [ 10101010010010011000 01011010001010110000 ]
591 [ 10101010010010010010 ]
592 [ 10101010010010000110 ]
593 [ 10101010010000011010 ]
594 [ 10101010010000010110 ]
595 [ 10101001010000010110 ]
596 [ 10101000010111010000 10101000010101011000 ]
597 [ 10101000010110110000 01010010101010011000 ]
598 [ 10101000010110011000 01010010101010110000 ]
599 [ 10101000010101010010 ]
600 [ 10101000010101010001 ]
601 [ 10101000010101000110 01010011001010100100 01010011001010010100 ]
602 [ 10101000010101000011 01010011100010100100 01010011100010010100 ]
603 [ 10101000010010111000 01010010001010111000 ]
604 [ 10101000010010110010 ]
605 [ 10101000010010011010 ]
606 [ 10101000010010010110 10101000010000011110 ]
607 [ 10011110011000000010 ]
608 [ 10011110001010010000 ]
609 [ 10011011011000000010 10011010011100000010 ]
610 [ 10011011010000000110 ]
611 [ 10011011001010010000 10011001010100000110 01101110010010010000 ]
612 [ 10011010011010010000 10011001110000000110 01101010011010010000 01101001110000000110 ]
613 [ 10011010011010000010 ]
614 [ 10011010011000010010 ]
615 [ 10011010011000000110 ]
616 [ 10011010001110010000 10011001011000000110 01101010110010010000 01100101110000000110 ]
617 [ 10011010001010110000 01101010010010011000 ]
618 [ 10011010001010011000 01101010010010110000 ]
619 [ 10011010001010010010 ]
620 [ 10011001010000010110 ]
621 [ 10001110011100000010 ]
622 [ 10001110011010010000 ]
623 [ 10001110011010000010 ]
624 [ 10001110011000010010 ]
625 [ 10001110011000000110 ]
626 [ 10001110001110010000 ]
627 [ 10001110001010110000 ]
628 [ 10001110001010011000 ]
629 [ 10001110001010010010 ]
630 [ 10001011110000000110 ]
631 [ 10001011011000000110 ]
632 [ 10001011010100000110 ]
633 [ 10001011010010000110 ]
634 [ 10001011010000010110 ]
635 [ 10001011000010010110 00011011000010010110 ]
636 [ 10001010011110010000 01001010111010010000 00101101110000000110 00011001111000000110 ]
637 [ 10001010011110000010 ]
638 [ 10001010011101000010 ]
639 [ 10001010011100010010 ]
640 [ 10001010011100000110 ]
641 [ 10001010011010110000 01001010011010011000 ]
642 [ 10001010011010100010 ]
643 [ 10001010011010011000 01001010011010110000 ]
644 [ 10001010011010010010 ]
645 [ 10001010011010000110 ]
646 [ 10001010011000011010 ]
647 [ 10001010011000010110 ]
648 [ 10001010010111010000 ]
649 [ 10001010010111000010 ]
650 [ 10001010010110110000 01001010101010011000 ]
651 [ 10001010010110100010 ]
652 [ 10001010010110011000 01001010101010110000 ]
653 [ 10001010010110010010 ]
654 [ 10001010010110000110 ]
655 [ 10001010010101010010 ]
656 [ 10001010010101000110 ]
657 [ 10001010010101000011 ]
658 [ 10001010010100011010 ]
659 [ 10001010010100010110 ]
660 [ 10001010010010111000 01001010001010111000 ]
661 [ 10001010010010110010 ]
662 [ 10001010010010100110 ]
663 [ 10001010010010011010 ]
664 [ 10001010010010010110 ]
665 [ 10001010010000011110 ]
666 [ 10001010001111010000 ]
667 [ 10001010001110110000 01001010110010011000 ]
668 [ 10001010001110011000 01001010110010110000 ]
669 [ 10001010001110010010 ]
670 [ 10001010001010111000 01001010010010111000 ]
671 [ 10001010001010110010 ]
672 [ 10001010001010011010 ]
673 [ 10001010001010010110 ]
674 [ 10001010000111110000 ]
675 [ 10001010000111011000 ]
676 [ 10001010000111010010 ]
677 [ 10001010000111010001 ]
678 [ 10001010000110111000 01001010100010111000 ]
679 [ 10001010000110110010 ]
680 [ 10001010000110011010 ]
681 [ 10001010000110010110 ]
682 [ 10001010000010111010 ]
683 [ 10001010000010110110 ]
684 [ 10001010000010011110 ]
685 [ 10001001110100000110 00011011011010010000 ]
686 [ 10001001110000010110 ]
687 [ 10001001010101000110 00011011001010010100 ]
688 [ 10001001010100010110 ]
689 [ 10001001010010010110 10001001010000011110 ]
690 [ 10001000010111110000 ]
691 [ 10001000010111011000 ]
692 [ 10001000010111010010 10001000010101011010 ]
693 [ 10001000010111010001 10001000010101011001 ]
694 [ 10001000010110111000 01000010101010111000 ]
695 [ 10001000010110110010 ]
696 [ 10001000010110011010 ]
697 [ 10001000010110010110 10001000010100011110 00101100010010010110 00101100010000011110 ]
698 [ 10001000010101010110 ]
699 [ 10001000010101010011 ]
700 [ 10001000010101000111 ]
701 [ 10001000010010111010 ]
702 [ 10001000010010110110 ]
703 [ 10001000010010011110 ]
704 [ 10001000000111111000 ]
705 [ 10001000000111110001 ]
706 [ 10001000000111011001 ]
707 [ 01111110011000000000 ]
708 [ 01110111101000000000 ]
709 [ 01110111011000000000 ]
710 [ 01110111001010000000 01110111001000000010 ]
711 [ 01110111001000000100 ]
712 [ 01110110111000000000 ]
713 [ 01110110101010000000 01110110101000000010 ]
714 [ 01110110011010000000 ]
715 [ 01110110011000000010 ]
716 [ 01110110001010100000 01110110001010010000 01110110001000000110 ]
717 [ 01110110001010000010 ]
718 [ 01110011110000000010 ]
719 [ 01110011010000000110 ]
720 [ 01110010011010000010 ]
721 [ 01101110111000000000 01100111111000000000 ]
722 [ 01101110110000000010 ]
723 [ 01101110011010000000 ]
724 [ 01101110011000010000 01100111101000000100 ]
725 [ 01101110011000000010 ]
726 [ 01101110010010000010 ]
727 [ 01101110010000010010 ]
728 [ 01101110010000000110 01100010111000000110 ]
729 [ 01101110001010010000 01100111001000000110 ]
730 [ 01101011110000000010 ]
731 [ 01101011010000000110 01100011011000000110 ]
732 [ 01101010111000000010 ]
733 [ 01101010110010000010 ]
734 [ 01101010110000010010 ]
735 [ 01101010110000000110 ]
736 [ 01101010011010000010 ]
737 [ 01101010011000010010 ]
738 [ 01101010011000000110 ]
739 [ 01101010010010100010 ]
740 [ 01101010010010010010 ]
741 [ 01101010010010000110 ]
742 [ 01101010010000011010 ]
743 [ 01101010010000010110 ]
744 [ 01100111110000000010 ]
745 [ 01100111101010000000 01100111101000000010 ]
746 [ 01100111010000000110 ]
747 [ 01100110111010000000 ]
748 [ 01100110111000000010 ]
749 [ 01100110110010000010 ]
750 [ 01100110110000000110 ]
751 [ 01100110101010100000 01100110101010010000 01100110101000000110 ]
752 [ 01100110101010000010 ]
753 [ 01100110011010100000 01100110011010010000 ]
754 [ 01100110011010000010 ]
755 [ 01100110011000000110 ]
756 [ 01100110010010100010 01100110010010010010 ]
757 [ 01100110010010000110 ]
758 [ 01100110001010110000 ]
759 [ 01100110001010100010 01100110001010010010 01100110001010000110 ]
760 [ 01100110001010011000 ]
761 [ 01100011111000000010 ]
762 [ 01100011110010000010 ]
763 [ 01100011110000000110 ]
764 [ 01100011010010000110 ]
765 [ 01100010111010000010 ]
766 [ 01100010110010100010 01100010110010010010 ]
767 [ 01100010110010000110 ]
768 [ 01100010011010100010 01100010011010010010 ]
769 [ 01100010011010000110 ]
770 [ 01100010010010110010 ]
771 [ 01100010010010100110 01100010010010010110 ]
772 [ 01100010010010011010 ]
773 [ 01011110011000000010 ]
774 [ 01011110001010010000 ]
775 [ 01011011110000000010 ]
776 [ 01011011100010010000 ]
777 [ 01011011010000000110 ]
778 [ 01011010111000000010 ]
779 [ 01011010011010000010 ]
780 [ 01011010011000010010 ]
781 [ 01011010001010010010 ]
782 [ 01010111101010000000 01010111101000000010 ]
783 [ 01010111101000000100 ]
784 [ 01010111011000000010 ]
785 [ 01010111001010100000 01010111001010010000 ]
786 [ 01010111001010000100 ]
787 [ 01010111001010000010 ]
788 [ 01010111001000000110 ]
789 [ 01010110111000000010 ]
790 [ 01010110101010100000 01010110101010010000 01010110101000000110 ]
791 [ 01010110101010000010 ]
792 [ 01010110011010000010 ]
793 [ 01010110011000000110 ]
794 [ 01010110001010110000 ]
795 [ 01010110001010100010 01010110001010010010 01010110001010000110 ]
796 [ 01010110001010011000 ]
797 [ 01010011111000000010 ]
798 [ 01010011110010000010 ]
799 [ 01010011110000000110 ]
800 [ 01010011101010100000 01010011101010010000 ]
801 [ 01010011101010000100 ]
802 [ 01010011101010000010 ]
803 [ 01010011101000000110 ]
804 [ 01010011100010110000 ]
805 [ 01010011100010100010 01010011100010010010 ]
806 [ 01010011100010011000 ]
807 [ 01010011100010000110 ]
808 [ 01010011011010000010 ]
809 [ 01010011011000000110 ]
810 [ 01010011010010000110 ]
811 [ 01010011001010100010 01010011001010010010 ]
812 [ 01010011001010000110 ]
813 [ 01010010111010000010 ]
814 [ 01010010101010100010 01010010101010010010 01010010101010000110 ]
815 [ 01010010011010100010 01010010011010010010 ]
816 [ 01010010011010000110 ]
817 [ 01010010001010110010 ]
818 [ 01010010001010100110 01010010001010010110 ]
819 [ 01010010001010011010 ]
820 [ 01001110111000000010 01000010100010011110 ]
821 [ 01001110101010010000 ]
822 [ 01001110011010010000 ]
823 [ 01001110011010000010 ]
824 [ 01001110011000010010 ]
825 [ 01001110011000000110 ]
826 [ 01001110001010110000 ]
827 [ 01001110001010011000 ]
828 [ 01001110001010010010 01000111001010000110 ]
829 [ 01001011111000000010 ]
830 [ 01001011110010010000 00100101111000000110 00011101011000000110 ]
831 [ 01001011110010000010 ]
832 [ 01001011110000010010 ]
833 [ 01001011110000000110 ]
834 [ 01001011101010010000 00101101011000000110 00010101111000000110 ]
835 [ 01001011100010110000 ]
836 [ 01001011100010011000 ]
837 [ 01001011100010010100 ]
838 [ 01001011100010010010 ]
839 [ 01001011011000000110 00101011011000000110 ]
840 [ 01001011010010000110 ]
841 [ 01001011010000010110 ]
842 [ 01001011000010010110 ]
843 [ 01001010111010000010 ]
844 [ 01001010111000010010 ]
845 [ 01001010111000000110 ]
846 [ 01001010110010100010 ]
847 [ 01001010110010010010 ]
848 [ 01001010110010000110 ]
849 [ 01001010110000011010 ]
850 [ 01001010110000010110 ]
851 [ 01001010101010010010 ]
852 [ 01001010100010110010 ]
853 [ 01001010100010011010 ]
854 [ 01001010100010010110 ]
855 [ 01001010011010100010 ]
856 [ 01001010011010010010 ]
857 [ 01001010011010000110 ]
858 [ 01001010011000011010 ]
859 [ 01001010011000010110 ]
860 [ 01001010010010110010 ]
861 [ 01001010010010100110 ]
862 [ 01001010010010011010 ]
863 [ 01001010010010010110 ]
864 [ 01001010010000011110 ]
865 [ 01001010001010110010 ]
866 [ 01001010001010011010 ]
867 [ 01001010001010010110 01000011001010100110 01000011001010010110 ]
868 [ 01001010000010111010 ]
869 [ 01001010000010110110 ]
870 [ 01001010000010011110 ]
871 [ 01001001110000010110 ]
872 [ 01000111111000000010 ]
873 [ 01000111101010100000 01000111101010010000 ]
874 [ 01000111101010000100 ]
875 [ 01000111101010000010 ]
876 [ 01000111101000000110 ]
877 [ 01000111011000000110 ]
878 [ 01000110111010000010 ]
879 [ 01000110111000000110 ]
880 [ 01000110101010110000 01000010110010110010 ]
881 [ 01000110101010100010 01000110101010010010 01000110101010000110 ]
882 [ 01000110101010011000 ]
883 [ 01000110011010100010 01000110011010010010 ]
884 [ 01000110011010000110 ]
885 [ 01000110001010111000 ]
886 [ 01000110001010110010 ]
887 [ 01000110001010100110 01000110001010010110 ]
888 [ 01000110001010011010 ]
889 [ 01000011111010000010 ]
890 [ 01000011111000000110 ]
891 [ 01000011110010100010 01000011110010010010 ]
892 [ 01000011110010000110 ]
893 [ 01000011101010110000 ]
894 [ 01000011101010100100 01000011101010010100 ]
895 [ 01000011101010100010 01000011101010010010 ]
896 [ 01000011101010011000 ]
897 [ 01000011101010000110 ]
898 [ 01000011100010111000 ]
899 [ 01000011100010110100 ]
900 [ 01000011100010110010 ]
901 [ 01000011100010100110 01000011100010010110 ]
902 [ 01000011100010011100 ]
903 [ 01000011100010011010 ]
904 [ 01000011011010000110 ]
905 [ 01000011010010100110 01000011010010010110 ]
906 [ 01000011000010110110 ]
907 [ 01000011000010011110 ]
908 [ 01000010111010100010 01000010111010010010 ]
909 [ 01000010111010000110 ]
910 [ 01000010110010100110 01000010110010010110 ]
911 [ 01000010110010011010 ]
912 [ 01000010101010110010 ]
913 [ 01000010101010100110 01000010101010010110 ]
914 [ 01000010101010011010 ]
915 [ 01000010100010111010 ]
916 [ 01000010100010110110 ]
917 [ 01000010011010110010 ]
918 [ 01000010011010100110 01000010011010010110 ]
919 [ 01000010011010011010 ]
920 [ 01000010010010111010 ]
921 [ 01000010010010110110 ]
922 [ 01000010010010011110 ]
923 [ 01000010001010111010 ]
924 [ 01000010001010110110 ]
925 [ 01000010001010011110 ]
926 [ 01000010000010111110 ]
927 [ 00111111011000000000 ]
928 [ 00111110011010000000 ]
929 [ 00111110011000010000 ]
930 [ 00111110011000000010 ]
931 [ 00111110001010010000 ]
932 [ 00111101111000000000 ]
933 [ 00111101011000010000 ]
934 [ 00111101011000000010 00110101111000000100 ]
935 [ 00111100011010010000 00111100011000011000 ]
936 [ 00111100011000010010 ]
937 [ 00111100011000000110 00110101101000000110 ]
938 [ 00111011010000000110 ]
939 [ 00111010011010000010 ]
940 [ 00111010011000010010 ]
941 [ 00111001010000010110 ]
942 [ 00110111111000000000 ]
943 [ 00110111101010000000 00110111101000000010 ]
944 [ 00110111101000000100 ]
945 [ 00110111011010000000 ]
946 [ 00110111011000000100 ]
947 [ 00110111011000000010 ]
948 [ 00110111010000000110 ]
949 [ 00110111001010100000 00110111001010010000 ]
950 [ 00110111001010000100 ]
951 [ 00110111001010000010 ]
952 [ 00110111001000000110 ]
953 [ 00110110011010100000 00110110011010010000 ]
954 [ 00110110011010000010 ]
955 [ 00110110011000000110 ]
956 [ 00110110001010110000 ]
957 [ 00110110001010100010 00110110001010010010 00110110001010000110 ]
958 [ 00110110001010011000 ]
959 [ 00110101011000000110 ]
960 [ 00110011111000000010 ]
961 [ 00110011110000000110 ]
962 [ 00110011011010000010 ]
963 [ 00110011011000000110 ]
964 [ 00110011010010000110 ]
965 [ 00110010011010100010 00110010011010010010 ]
966 [ 00110010011010000110 ]
967 [ 00101111010000000110 ]
968 [ 00101110011010100000 ]
969 [ 00101110011010010000 ]
970 [ 00101110011010000010 ]
971 [ 00101110011000011000 ]
972 [ 00101110011000010010 ]
973 [ 00101110011000000110 ]
974 [ 00101110010010110000 00011011001010011000 ]
975 [ 00101110010010100010 ]
976 [ 00101110010010011000 00011011001010110000 ]
977 [ 00101110010010010010 ]
978 [ 00101110010010000110 ]
979 [ 00101110010000011010 ]
980 [ 00101110010000010110 ]
981 [ 00101110001010110000 ]
982 [ 00101110001010011000 ]
983 [ 00101110001010010010 00100111001010000110 ]
984 [ 00101101010000010110 ]
985 [ 00101100011010110000 00010011101010011000 ]
986 [ 00101100011010011000 00010011101010110000 ]
987 [ 00101100011010010010 00101100011000011010 ]
988 [ 00101100011000010110 ]
989 [ 00101100010010111000 00010011001010111000 ]
990 [ 00101100010010110010 ]
991 [ 00101100010010011010 ]
992 [ 00101011110000000110 ]
993 [ 00101011010010000110 ]
994 [ 00101011010000010110 ]
995 [ 00101010011010110000 00011010011010011000 ]
996 [ 00101010011010100010 ]
997 [ 00101010011010011000 00011010011010110000 ]
998 [ 00101010011010010010 ]
999 [ 00101010011010000110 ]
1000 [ 00101010011000011010 ]
1001 [ 00101010011000010110 ]
1002 [ 00101010010010111000 00011010001010111000 ]
1003 [ 00101010010010110010 ]
1004 [ 00101010010010100110 ]
1005 [ 00101010010010011010 ]
1006 [ 00101010010010010110 ]
1007 [ 00101010010000011110 ]
1008 [ 00101001110000010110 ]
1009 [ 00101001010010010110 00101001010000011110 ]
1010 [ 00101000010010111010 ]
1011 [ 00101000010010110110 ]
1012 [ 00101000010010011110 ]
1013 [ 00100111110000000110 ]
1014 [ 00100111101000000110 ]
1015 [ 00100111011000000110 ]
1016 [ 00100111010010000110 ]
1017 [ 00100110011010110000 ]
1018 [ 00100110011010100010 00100110011010010010 ]
1019 [ 00100110011010011000 ]
1020 [ 00100110011010000110 ]
1021 [ 00100110010010110010 ]
1022 [ 00100110010010100110 00100110010010010110 ]
1023 [ 00100110010010011010 ]
1024 [ 00100110001010111000 ]
1025 [ 00100110001010110010 ]
1026 [ 00100110001010100110 00100110001010010110 ]
1027 [ 00100110001010011010 ]
1028 [ 00100011111000000110 ]
1029 [ 00100011110010000110 ]
1030 [ 00100011011010000110 ]
1031 [ 00100011010010100110 00100011010010010110 ]
1032 [ 00100010011010110010 ]
1033 [ 00100010011010100110 00100010011010010110 ]
1034 [ 00100010011010011010 ]
1035 [ 00100010010010111010 ]
1036 [ 00100010010010110110 ]
1037 [ 00100010010010011110 ]
1038 [ 00011111011000000010 ]
1039 [ 00011111001010010000 ]
1040 [ 00011110011010010000 ]
1041 [ 00011110011010000010 00010110001010011010 ]
1042 [ 00011110011000010010 ]
1043 [ 00011110011000000110 ]
1044 [ 00011110001010110000 ]
1045 [ 00011110001010011000 ]
1046 [ 00011110001010010010 ]
1047 [ 00011011111000000010 ]
1048 [ 00011011110000000110 ]
1049 [ 00011011101010010000 ]
1050 [ 00011011011010000010 ]
1051 [ 00011011011000010010 ]
1052 [ 00011011011000000110 ]
1053 [ 00011011010010000110 ]
1054 [ 00011011010000010110 ]
1055 [ 00011011001010010010 ]
1056 [ 00011010011010100010 ]
1057 [ 00011010011010010010 ]
1058 [ 00011010011010000110 ]
1059 [ 00011010011000011010 ]
1060 [ 00011010011000010110 ]
1061 [ 00011010001010110010 ]
1062 [ 00011010001010011010 ]
1063 [ 00011010001010010110 ]
1064 [ 00011001110000010110 ]
1065 [ 00011001011000010110 ]
1066 [ 00011001010010010110 00011001010000011110 ]
1067 [ 00010111111000000010 ]
1068 [ 00010111101010100000 00010111101010010000 ]
1069 [ 00010111101010000100 ]
1070 [ 00010111101010000010 ]
1071 [ 00010111101000000110 ]
1072 [ 00010111011010000010 ]
1073 [ 00010111011000000110 ]
1074 [ 00010111001010110000 ]
1075 [ 00010111001010100100 00010111001010010100 ]
1076 [ 00010111001010100010 00010111001010010010 ]
1077 [ 00010111001010011000 ]
1078 [ 00010111001010000110 ]
1079 [ 00010110011010100010 00010110011010010010 ]
1080 [ 00010110011010000110 ]
1081 [ 00010110001010111000 ]
1082 [ 00010110001010110010 ]
1083 [ 00010110001010100110 00010110001010010110 ]
1084 [ 00010011111010000010 ]
1085 [ 00010011111000000110 ]
1086 [ 00010011110010000110 ]
1087 [ 00010011101010100100 00010011101010010100 ]
1088 [ 00010011101010100010 00010011101010010010 ]
1089 [ 00010011101010000110 ]
1090 [ 00010011100010100110 00010011100010010110 ]
1091 [ 00010011011010100010 00010011011010010010 ]
1092 [ 00010011011010000110 ]
1093 [ 00010011010010100110 00010011010010010110 ]
1094 [ 00010011001010110100 ]
1095 [ 00010011001010110010 ]
1096 [ 00010011001010100110 00010011001010010110 ]
1097 [ 00010011001010011100 ]
1098 [ 00010011001010011010 ]
1099 [ 00010011000010110110 ]
1100 [ 00010011000010011110 ]
1101 [ 00010010011010110010 ]
1102 [ 00010010011010100110 00010010011010010110 ]
1103 [ 00010010011010011010 ]
1104 [ 00010010001010111010 ]
1105 [ 00010010001010110110 ]
1106 [ 00010010001010011110 ]
1107 [ 00001111011000000110 ]
1108 [ 00001110011010110000 ]
1109 [ 00001110011010100010 ]
1110 [ 00001110011010011000 ]
1111 [ 00001110011010010010 ]
1112 [ 00001110011010000110 ]
1113 [ 00001110011000011010 ]
1114 [ 00001110011000010110 ]
1115 [ 00001110001010111000 ]
1116 [ 00001110001010110010 ]
1117 [ 00001110001010011010 ]
1118 [ 00001110001010010110 00000111001010100110 00000111001010010110 ]
1119 [ 00001011111000000110 ]
1120 [ 00001011110010000110 ]
1121 [ 00001011110000010110 ]
1122 [ 00001011100010010110 ]
1123 [ 00001011011010000110 ]
1124 [ 00001011011000010110 ]
1125 [ 00001011010010100110 ]
1126 [ 00001011010010010110 ]
1127 [ 00001011010000011110 ]
1128 [ 00001011001010010110 ]
1129 [ 00001011000010110110 ]
1130 [ 00001010011010110010 ]
1131 [ 00001010011010100110 ]
1132 [ 00001010011010011010 ]
1133 [ 00001010011010010110 ]
1134 [ 00001010011000011110 ]
1135 [ 00001010010010111010 ]
1136 [ 00001010010010110110 ]
1137 [ 00001010010010011110 ]
1138 [ 00001010001010111010 ]
1139 [ 00001010001010110110 ]
1140 [ 00001010001010011110 ]
1141 [ 00001010000010111110 ]
1142 [ 00001001110010010110 00001001110000011110 ]
1143 [ 00001001010010110110 ]
1144 [ 00001001010010011110 ]
1145 [ 00001000010010111110 ]
1146 [ 00000111111000000110 ]
1147 [ 00000111101010000110 ]
1148 [ 00000111011010000110 ]
1149 [ 00000110011010110010 ]
1150 [ 00000110011010100110 00000110011010010110 ]
1151 [ 00000110011010011010 ]
1152 [ 00000110001010111010 ]
1153 [ 00000110001010110110 ]
1154 [ 00000110001010011110 ]
1155 [ 00000011111010000110 ]
1156 [ 00000011110010100110 00000011110010010110 ]
1157 [ 00000011101010100110 00000011101010010110 ]
1158 [ 00000011100010110110 ]
1159 [ 00000011100010011110 ]
1160 [ 00000011011010100110 00000011011010010110 ]
1161 [ 00000011010010110110 ]
1162 [ 00000011010010011110 ]
1163 [ 00000011001010110110 ]
1164 [ 00000011001010011110 ]
1165 [ 00000011000010111110 ]
1166 [ 00000010011010111010 ]
1167 [ 00000010011010110110 ]
1168 [ 00000010011010011110 ]
1169 [ 00000010010010111110 ]
1170 [ 00000010001010111110 ]
