identifiant liste_combi 
11 1000010001100100000 [ 1000010001100100000 ]
20 0100001001010100000 [ 0100001001010100000 ]
22 0100001000010110000 [ 0100001000010110000 ]
23 0100011000010100000 [ 0100011000010100000 ]
24 0010010011000100000 [ 0010010011000100000 ]
26 0010010001100100000 [ 0010010001100100000 ]
27 0011010001000100000 [ 0011010001000100000 ]
30 0001000100001000110 [ 0001000100001000110 ]
34 0000010001101100000 [ 0000010001101100000 ]
37 0000011001010100000 [ 0000011001010100000 ]
38 0000011000110100000 [ 0000011000110100000 ]
40 0000000100001001110 [ 0000000100001001110 ]
42 0000000010101000110 [ 0000000010101000110 ]
43 0000000010001000111 [ 0000000010001000111 ]
44 0000000000101000111 [ 0000000000101000111 ]
17 1000000000101000101 [ 1000000000101000101 0001010001100100000 ]
12 1001010001100000000 [ 1001010001100000000 0110011001000000000 ]
31 0000100110000000110 [ 0000100110000000110 0000010100101000100 ]
19 1000000000101000110 [ 1000000000101000110 0010000010001000110 ]
29 0010011000010100000 [ 0010011000010100000 0001001001010100000 ]
32 0000100010001000110 [ 0000100010001000110 0000010000101000110 ]
28 0010011001000100000 [ 0010011001000100000 0010010001010100000 ]
41 0000000100101000110 [ 0000000100101000110 0000000110001000110 ]
7 1000100000101000100 [ 1000100000101000100 0010010010000000110 0001010101000100000 ]
15 1000010000101000100 [ 1000010000101000100 0010100010000000110 0001011001000100000 ]
18 1000000100101000100 [ 1000000100101000100 0010000110000000110 0001010001010100000 ]
3 1000100010101000000 [ 1000100010101000000 0010010010100000010 0001010101000000100 ]
39 0000011000010110000 [ 0000011000010110000 0000001001010110000 0000000100001000111 ]
25 0010110011000000000 [ 0010110011000000000 0010110010000100000 0001001101000001000 ]
0 1010100010100000000 [ 1010100010100000000 1010010010100000000 0011010101000000000 ]
8 1010100010000000010 [ 1010100010000000010 1010010000101000000 0101011001000000000 0011010001100000000 ]
4 1010110000100000000 [ 1010110000100000000 1010110010000000000 0101001101000000000 0011010011000000000 ]
21 0100011001100000000 [ 0100011001100000000 0010010000101000001 0001000100001000101 0001010001101000000 ]
10 1010010001100000000 [ 1010010001100000000 1010010000100100000 0101001001010000000 0011011001000000000 ]
33 0000011001100100000 [ 0000011001100100000 0000010001110100000 0000010000101000101 0000000100101000101 ]
9 1000100010000000110 [ 1000100010000000110 0100011001000100000 0010010000101000100 0001000100101000100 0001000110000000110 ]
5 1000110001100000000 [ 1000110001100000000 1000110000100100000 0010011011000000000 0010010010010100000 0001001101010000000 ]
36 0000010001101000100 [ 0000010001101000100 0000010001010110000 0000010000101100100 0000000100101001100 0000000110000001110 ]
13 1000011001100000000 [ 1000011001100000000 1000010000110100000 0010011001010000000 0010010000010110000 0001001001010010000 ]
6 1000110000101000000 [ 1000110000101000000 0010010011100000000 0010010010100100000 0010110010000000010 0001000101000001100 0001011101000000000 ]
2 1000110010100000000 [ 1000110010100000000 0010010011000000010 0010110010100000000 0010010010000100010 0001010101000001000 0001001101000000100 ]
1 1000100010100000010 [ 1000100010100000010 1000100000101000001 0010010010101000000 0001000101001000100 0001000101000000110 0001010101100000000 ]
14 1000010001101000000 [ 1000010001101000000 1000010000101100000 0100001001010010000 0010011001100000000 0010010000110100000 0001011001010000000 ]
16 1000010000101000001 [ 1000010000101000001 0100011001010000000 0010010001101000000 0010010000101100000 0001000100001001100 0001000100000001110 0001011001100000000 ]
35 0000011001110000000 [ 0000011001110000000 0000011001101000000 0000010001101000001 0000011001010010000 0000010000101100001 0000010000111100000 0000010000110110000 0000000100001001101 ]
