identifiant liste_combi 
0 100110010000010000000000000 [ 100110010000010000000000000 ]
3 100100000010010001000000000 [ 100100000010010001000000000 ]
12 010000001000000010010100000 [ 010000001000000010010100000 ]
16 010000000100000010010000100 [ 010000000100000010010000100 ]
21 010000000001000010010100000 [ 010000000001000010010100000 ]
22 001000000000001000001001010 [ 001000000000001000001001010 ]
11 010000001001000010000100000 [ 010000001001000010000100000 001001000100001000000001000 ]
1 100110000010010000000000000 [ 100110000010010000000000000 100110000000010001000000000 ]
2 100100010010010000000000000 [ 100100010010010000000000000 100100010000010001000000000 ]
4 011001000100000010000000000 [ 011001000100000010000000000 011000001100000010000000000 ]
6 011000000100000010010000000 [ 011000000100000010010000000 011000000100000010000000100 ]
15 010000000100000010010100000 [ 010000000100000010010100000 010000000000000010010110000 010000000000000010010100100 ]
20 010000000001100100000001000 [ 010000000001100100000001000 001000000100000010010000100 001000000001100100000001000 001000000000000000001001011 ]
5 011000000101000010000000000 [ 011000000101000010000000000 011000000100001010000000000 011000000100000010000100000 011000000100000010000001000 ]
17 010000000100000010000000101 [ 010000000100000010000000101 010000000000000010010000101 001000000001000100001001000 001000000000100100001001000 001000000000000100001001010 001000000000000100001001001 ]
23 000000000100000010010100100 [ 000000000100000010010100100 000000000100000010010000101 000000000001100100100001000 000000000001100100001001000 000000000000001000001001011 000000000000000100001001011 000000000000000000001001111 ]
14 010000000101000010000100000 [ 010000000101000010000100000 010000000001000110000100000 010000000001000010000110000 010000000001000010000100100 001000000100001100000001000 001000000100001010000001000 001000000100001000001001000 001000000100001000000001010 ]
19 010000000001100100100000000 [ 010000000001100100100000000 010000000001000100001001000 010000000000000010001000101 001000000100000010010100000 001000000100000010000000101 001000000000100100100001000 001000000000001000001000011 001000000000000000001001101 000000100001100100100000000 000000100000100100100001000 ]
10 010000001001100100000000000 [ 010000001001100100000000000 010000001001000100000001000 010000001000000010000000101 001001000100000010010000000 001001000100000010000000100 001001000001000100000001000 001001000000100100000001000 001001000000001000001000010 001001000000000000001001010 001001000000000000001001001 ]
13 010000000101000110000000000 [ 010000000101000110000000000 010000000100000010000110000 010000000001000110010000000 010000000001000110000000100 010000000001000100010100000 010000000001000100000110000 010000000000000010000110100 001000000100001010000000010 001000000100000110000001000 001000000100000010001001000 001000000000001100000001010 ]
9 010000001100000010010000000 [ 010000001100000010010000000 010000001100000010000000100 010000001000000010010000100 010000001000000000010110000 010000000101000010010000000 010000000101000010000000100 010000000100000010000100100 010000000001000010010000100 010000000001000000010110000 001001000000000100001001000 001000000100000100001001000 001000000000001100001001000 000100010010010001000000000 ]
7 011000000001000100000001000 [ 011000000001000100000001000 000000000100000010010110000 000000000100000010001000101 000000000001000100001001010 000000000001000100001001001 000000000000100100101001000 000000000000100100001001010 000000000000100100001001001 000000000000001100001001010 000000000000001000001000111 000000000000000100001001101 000000000000000010011000101 000000000000000010010110100 000000000000000010010100101 000000000000000010001001101 000000000000000010001000111 ]
8 010000001101000010000000000 [ 010000001101000010000000000 010000001100000010000100000 010000001001000110000000000 010000001001000100000100000 010000001001000010010000000 010000001001000010000000100 010000001001000000010100000 010000001001000000000110000 010000001000000010000110000 010000001000000010000100100 001001000100001010000000000 001001000100001000000000010 001001000100000100000001000 001001000100000010000001000 001001000100000000001001000 001001000000001100000001000 001001000000001000001001000 001001000000001000000001010 ]
18 010000000001100110000000000 [ 010000000001100110000000000 010000000001100100000100000 010000000001000110000001000 010000000001000100000101000 010000000001000010000000101 010000000000000010000100101 001000000101000100000001000 001000000100100100000001000 001000000100001010010000000 001000000100001010000000100 001000000100001000001000010 001000000100000010010001000 001000000100000010000001100 001000000100000000001001010 001000000100000000001001001 001000000001001100000001000 001000000000101100000001000 001000000000001000001001001 ]
