identifiant liste_combi 
7 010000000000000010010100000 [ 010000000000000010010100000 ]
2 100100000010010000000000000 [ 100100000010010000000000000 100100000000010001000000000 ]
8 000000000100000010010000100 [ 000000000100000010010000100 000000000001100100000001000 000000000000000000001001011 ]
5 010000000100000010010000000 [ 010000000100000010010000000 010000000100000010000000100 010000000000000010010000100 010000000000000000010110000 001000000000000100001001000 000100000010010001000000000 ]
1 100100010000010000000000000 [ 100100010000010000000000000 010000001001000010000000000 010000001001000000000100000 010000001000000010000100000 010000000001000010000100000 001001000100001000000000000 001001000100000000000001000 001001000000001000000001000 001000000100001000000001000 ]
6 010000000001100100000000000 [ 010000000001100100000000000 010000000001000100000001000 010000000000000010000000101 001000000100000010010000000 001000000100000010000000100 001000000001000100000001000 001000000000100100000001000 001000000000001000001000010 001000000000000000001001010 001000000000000000001001001 000000100000100100100000000 ]
4 010000001100000010000000000 [ 010000001100000010000000000 010000001001000100000000000 010000001000000010010000000 010000001000000010000000100 010000001000000000010100000 010000001000000000000110000 001001000100000010000000000 001001000000001000000000010 001001000000000100000001000 001001000000000000001001000 000100010010010000000000000 000100010000010001000000000 ]
3 011000000100000010000000000 [ 011000000100000010000000000 000000000100000010010100000 000000000100000010000000101 000000000001100100100000000 000000000001000100001001000 000000000000100100100001000 000000000000100100001001000 000000000000001000001001010 000000000000001000001000011 000000000000000100001001010 000000000000000100001001001 000000000000000010010110000 000000000000000010010100100 000000000000000010010000101 000000000000000010001000101 000000000000000000001001101 000000000000000000001000111 ]
0 100110010000000000000000000 [ 100110010000000000000000000 100110000000010000000000000 010000000101000010000000000 010000000100000010000100000 010000000001000110000000000 010000000001000100000100000 010000000001000010010000000 010000000001000010000000100 010000000001000000010100000 010000000001000000000110000 010000000000000010000110000 010000000000000010000100100 001000000100001010000000000 001000000100001000000000010 001000000100000100000001000 001000000100000010000001000 001000000100000000001001000 001000000000001100000001000 001000000000001000001001000 001000000000001000000001010 ]
