1.0 0.2777777777777778 0.6049382716049383 0.6049382716049383 0.30864197530864196 0.6049382716049383 0.30864197530864196 0.6049382716049383 0.30864197530864196 0.6049382716049383 0.30864197530864196 0.30864197530864196 
0.2777777777777778 1.0 0.2777777777777778 0.17777777777777778 0.17777777777777778 0.2777777777777778 0.17777777777777778 0.5444444444444444 0.17777777777777778 0.5444444444444444 0.2777777777777778 0.5444444444444444 
0.6049382716049383 0.2777777777777778 1.0 0.30864197530864196 0.19753086419753085 0.6049382716049383 0.19753086419753085 0.6049382716049383 0.6049382716049383 0.6049382716049383 0.6049382716049383 0.6049382716049383 
0.6049382716049383 0.2777777777777778 0.30864197530864196 1.0 0.6049382716049383 0.6049382716049383 0.6049382716049383 0.4444444444444444 0.6049382716049383 0.6049382716049383 0.30864197530864196 0.30864197530864196 
0.30864197530864196 0.17777777777777778 0.30864197530864196 0.6049382716049383 1.0 0.6049382716049383 0.4444444444444444 0.19753086419753085 0.6049382716049383 0.4444444444444444 0.4444444444444444 0.4444444444444444 
0.6049382716049383 0.2777777777777778 0.6049382716049383 0.6049382716049383 0.6049382716049383 1.0 0.19753086419753085 0.30864197530864196 0.6049382716049383 0.6049382716049383 0.4444444444444444 0.6049382716049383 
0.30864197530864196 0.17777777777777778 0.30864197530864196 0.6049382716049383 0.4444444444444444 0.30864197530864196 1.0 0.19753086419753085 0.6049382716049383 0.4444444444444444 0.30864197530864196 0.4444444444444444 
0.6049382716049383 0.5444444444444444 0.6049382716049383 0.4444444444444444 0.19753086419753085 0.30864197530864196 0.19753086419753085 1.0 0.4444444444444444 0.6049382716049383 0.30864197530864196 0.6049382716049383 
0.30864197530864196 0.17777777777777778 0.6049382716049383 0.6049382716049383 0.6049382716049383 0.6049382716049383 0.6049382716049383 0.4444444444444444 1.0 0.6049382716049383 0.6049382716049383 0.6049382716049383 
0.6049382716049383 0.5444444444444444 0.6049382716049383 0.6049382716049383 0.4444444444444444 0.6049382716049383 0.4444444444444444 0.6049382716049383 0.6049382716049383 1.0 0.6049382716049383 0.4444444444444444 
0.30864197530864196 0.2777777777777778 0.6049382716049383 0.19753086419753085 0.4444444444444444 0.4444444444444444 0.19753086419753085 0.30864197530864196 0.6049382716049383 0.6049382716049383 1.0 0.6049382716049383 
0.30864197530864196 0.5444444444444444 0.6049382716049383 0.19753086419753085 0.4444444444444444 0.6049382716049383 0.4444444444444444 0.6049382716049383 0.4444444444444444 0.6049382716049383 0.6049382716049383 1.0 
