identifiant liste_combi 
3 1010110010100000000 [ 1010110010100000000 ]
11 1001010001100100000 [ 1001010001100100000 ]
24 0011010111000000000 [ 0011010111000000000 ]
26 0010010011100100000 [ 0010010011100100000 ]
29 0000000100101000111 [ 0000000100101000111 ]
8 1010010001100100000 [ 1010010001100100000 0011010001100100000 ]
28 0000011001110100000 [ 0000011001110100000 0000011001010110000 ]
9 1001110001100000000 [ 1001110001100000000 1001010101100000000 0110011011000000000 ]
23 0100011001010100000 [ 0100011001010100000 0010011001010100000 0001011001010100000 ]
25 0010011001100100000 [ 0010011001100100000 0010010001110100000 0010010001101100000 ]
16 1000110001100100000 [ 1000110001100100000 1000100000101000101 0001010101100100000 0001000101001000110 ]
20 1000010001101100000 [ 1000010001101100000 1000010000101000101 0100001001010110000 0001011001100100000 0001000100001001110 ]
7 1010010001101000000 [ 1010010001101000000 1010010000101100000 0101011001010000000 0011011001100000000 0011011001000100000 ]
10 1001011001100000000 [ 1001011001100000000 1001010001101000000 0110011001100000000 0110011001010000000 0110011001000100000 ]
22 1000000100101000110 [ 1000000100101000110 0100011001100100000 0010011000010110000 0010010000101000101 0010000110001000110 0001001001010110000 0001000100101000101 ]
5 1010110001100000000 [ 1010110001100000000 1010110000100100000 1010100010100000010 1010010010101000000 0101001101010000000 0011011011000000000 0011010101100000000 0011010101000100000 ]
4 1010110010000000010 [ 1010110010000000010 1010110000101000000 1010010011100000000 1010010010100100000 0101011101000000000 0011011101000000000 0011010011100000000 0011010011000100000 ]
21 1000010001101000100 [ 1000010001101000100 1000010001101000001 1000010000101100100 1000010000101100001 0100011001010010000 0010011001101000000 0010010000111100000 0001011001110000000 ]
2 1010110011000000000 [ 1010110011000000000 1010110010000100000 1010100010101000000 1010010010100000010 0101001101000001000 0101001101000000100 0011110011000000000 0011010101000001000 0011010101000000100 0011010011000000010 ]
19 1000011001100100000 [ 1000011001100100000 1000010001110100000 1000000100101000101 1000000000101000111 0100011000010110000 0001010001110100000 0001010001101100000 0001000110001000110 0001000100101000110 0001000100001000111 ]
27 0000100110001000110 [ 0000100110001000110 0000011000110110000 0000010100101000110 0000010001110110000 0000010001101100100 0000010001101100001 0000010001101000101 0000010000101100101 0000000100101001101 0000000010101000111 ]
1 1011010001100000000 [ 1011010001100000000 0111011001000000000 0000011001101100000 0000010100101000101 0000010001111100000 0000010000101000111 0000000110101000110 0000000110001001110 0000000110001000111 0000000100101001110 0000000100001001111 ]
6 1010100010000000110 [ 1010100010000000110 1010011001100000000 1010010000110100000 1010010000101000100 1010010000101000001 0101011001100000000 0101011001000100000 0101001001010100000 0101001001010010000 0011011001010000000 0011010001101000000 0011010001010100000 ]
14 1000110010101000000 [ 1000110010101000000 0010110011100000000 0010110011000100000 0010110011000000010 0010110010100100000 0010110010100000010 0010110010000100010 0010010011100000010 0010010011000100010 0010010010100100010 0001011101000001000 0001011101000000100 0001010101000001100 0001001101000001100 ]
15 1000110001101000000 [ 1000110001101000000 1000110000101100000 1000110000101000100 1000110000101000001 0010110010000000110 0010011011100000000 0010011011000100000 0010010011101000000 0010010011010100000 0010010010110100000 0010010010101100000 0001011101100000000 0001011101010000000 0001011101000100000 0001000101001001100 0001000101000001110 ]
12 1000111001100000000 [ 1000111001100000000 1000110000110100000 1000100100101000100 1000100010100000110 1000100000101000110 0010011011010000000 0010011010010100000 0010010110000000110 0010010010101000100 0010010010101000001 0010010010010110000 0010010010001000110 0001010101101000000 0001010101010100000 0001001101010100000 0001001101010010000 0001000111000000110 0001000101101000100 0001000101001000101 ]
17 1000100110000000110 [ 1000100110000000110 1000100010001000110 1000011001110000000 1000011000110100000 1000010000110110000 1000000100101001100 1000000010101000110 0100011001101000000 0100011000110100000 0010011001010010000 0010010100101000100 0010010000101000110 0010000110000001110 0010000010101000110 0010000010001000111 0001100110000000110 0001010100101000100 0001010001101000100 0001010001101000001 0001010001010110000 ]
18 1000011001101000000 [ 1000011001101000000 1000010100101000100 1000010000111100000 1000010000101000110 0100011001110000000 0010100110000000110 0010100010001000110 0010011001110000000 0010011000110100000 0010010001101000100 0010010001101000001 0010010001010110000 0010010000110110000 0010010000101100100 0010010000101100001 0001011001101000000 0001011001010010000 0001000110000001110 0001000100101001100 0001000100001001101 ]
0 1100011001100000000 [ 1100011001100000000 1001000100101000100 0110011000010100000 0011000110000000110 0000100110000001110 0000100010101000110 0000100010001000111 0000011001111000000 0000011001110010000 0000011001101000100 0000011001101000001 0000011000111100000 0000010101101000100 0000010100101100100 0000010100101001100 0000010010101000110 0000010001101000110 0000010000111110000 0000010000111100100 0000010000111100001 0000010000101100110 ]
13 1000110011100000000 [ 1000110011100000000 1000110010100100000 1000110010100000010 1000100010101000100 1000100010101000010 1000100010101000001 0010111011000000000 0010110010101000000 0010110010010100000 0010011011000000010 0010010011000000110 0010010010101000010 0010010010100000110 0010010010010100010 0010010010000100110 0001010101100001000 0001010101100000100 0001010101001000100 0001010101000101000 0001010101000100100 0001010101000000110 0001001101010001000 0001001101010000100 0001001101001000100 0001001101000000110 ]
