1 0.5 0.7777777777777778 0.7777777777777778 0.5555555555555556 0.7777777777777778 0.5555555555555556 0.7777777777777778 0.5555555555555556 0.7777777777777778 0.5555555555555556 0.5555555555555556 
0.5555555555555556 1 0.5 0.4 0.4 0.5 0.4 0.7 0.4 0.7 0.5 0.7 
0.7777777777777778 0.5555555555555556 1 0.5555555555555556 0.4444444444444444 0.7777777777777778 0.4444444444444444 0.7777777777777778 0.7777777777777778 0.7777777777777778 0.7777777777777778 0.7777777777777778 
0.7777777777777778 0.5555555555555556 0.5555555555555556 1 0.7777777777777778 0.7777777777777778 0.7777777777777778 0.6666666666666666 0.7777777777777778 0.7777777777777778 0.5555555555555556 0.5555555555555556 
0.5555555555555556 0.4444444444444444 0.5555555555555556 0.7777777777777778 1 0.7777777777777778 0.6666666666666666 0.4444444444444444 0.7777777777777778 0.6666666666666666 0.6666666666666666 0.6666666666666666 
0.7777777777777778 0.5555555555555556 0.7777777777777778 0.7777777777777778 0.7777777777777778 1 0.4444444444444444 0.5555555555555556 0.7777777777777778 0.7777777777777778 0.6666666666666666 0.7777777777777778 
0.5555555555555556 0.4444444444444444 0.5555555555555556 0.7777777777777778 0.6666666666666666 0.5555555555555556 1 0.4444444444444444 0.7777777777777778 0.6666666666666666 0.5555555555555556 0.6666666666666666 
0.7777777777777778 0.7777777777777778 0.7777777777777778 0.6666666666666666 0.4444444444444444 0.5555555555555556 0.4444444444444444 1 0.6666666666666666 0.7777777777777778 0.5555555555555556 0.7777777777777778 
0.5555555555555556 0.4444444444444444 0.7777777777777778 0.7777777777777778 0.7777777777777778 0.7777777777777778 0.7777777777777778 0.6666666666666666 1 0.7777777777777778 0.7777777777777778 0.7777777777777778 
0.7777777777777778 0.7777777777777778 0.7777777777777778 0.7777777777777778 0.6666666666666666 0.7777777777777778 0.6666666666666666 0.7777777777777778 0.7777777777777778 1 0.7777777777777778 0.6666666666666666 
0.5555555555555556 0.5555555555555556 0.7777777777777778 0.4444444444444444 0.6666666666666666 0.6666666666666666 0.4444444444444444 0.5555555555555556 0.7777777777777778 0.7777777777777778 1 0.7777777777777778 
0.5555555555555556 0.7777777777777778 0.7777777777777778 0.4444444444444444 0.6666666666666666 0.7777777777777778 0.6666666666666666 0.7777777777777778 0.6666666666666666 0.7777777777777778 0.7777777777777778 1 
