identifiant liste_combi 
14 01100010010000000010 [ 01100010010000000010 ]
18 01000010010010000010 [ 01000010010010000010 ]
22 00100010010010000010 [ 00100010010010000010 ]
23 00001010011000000010 [ 00001010011000000010 ]
25 00001010010010000010 [ 00001010010010000010 ]
26 00001010010000010010 [ 00001010010000010010 ]
31 00000110011000000010 [ 00000110011000000010 ]
33 00000110001010100000 [ 00000110001010100000 ]
35 00000110001010000010 [ 00000110001010000010 ]
36 00000110001000100010 [ 00000110001000100010 ]
37 00000100001110100000 [ 00000100001110100000 ]
38 00000100001101100000 [ 00000100001101100000 ]
39 00000010011010000010 [ 00000010011010000010 ]
41 00000010010010000011 [ 00000010010010000011 ]
20 01000010001010000010 [ 01000010001010000010 00100100001100100000 ]
29 00001000010010011000 [ 00001000010010011000 00000010001010110000 ]
8 10001010010000000010 [ 10001010010000000010 00010010011000000010 ]
15 01001010010000000010 [ 01001010010000000010 00100010011000000010 ]
17 01000010011000000010 [ 01000010011000000010 00101010010000000010 ]
19 01000010010000000011 [ 01000010010000000011 00100010010000000011 ]
27 00001010010000000011 [ 00001010010000000011 00000010011000000011 ]
40 00000010010010100010 [ 00000010010010100010 00000010010010010010 ]
34 00000110001010010000 [ 00000110001010010000 00000110001000000011 00000100001101000100 ]
32 00000110001110000000 [ 00000110001110000000 00000110001101000000 00000110001100000010 ]
42 00000010001010100010 [ 00000010001010100010 00000010001010010010 00000010001010000011 ]
3 10010100001100000000 [ 10010100001100000000 01100110001000000000 00001100000010110000 00000010100010011000 ]
16 01000010100010000010 [ 01000010100010000010 00100100011100000000 00010111001000000000 00000010000010110010 ]
13 10001000000010011000 [ 10001000000010011000 10000100001100100000 01000010000010110000 00010100001100100000 00010010001010000010 ]
28 00001000010010110000 [ 00001000010010110000 00000100001010110000 00000100000110110000 00000010001010011000 00000001100010011000 ]
24 00001010010010010000 [ 00001010010010010000 00001010001010010000 00001001100000011000 00001000110000011000 00000110000110100000 00000101000101000100 00000001100101000100 ]
30 00001000010010010010 [ 00001000010010010010 00001000010000011010 00001000010000010011 00000100000111100000 00000100000101100100 00000001100001001100 00000001100000011100 ]
9 10001010000010010000 [ 10001010000010010000 10001000100000011000 10000001000101000100 01001010000010010000 01001000100000011000 01000110000010100000 00100110000010100000 00010001000101000100 ]
2 10100100001100000000 [ 10100100001100000000 01010110001000000000 00110110001000000000 00110100001100000000 00001010000010110000 00001010000010011000 00001000100010011000 00000110000010110000 ]
6 10001100000101000000 [ 10001100000101000000 10001000010100010000 01000011100000001000 01000010101010000000 01000010101000000010 00101100010000000010 00100100011000100000 00100100010100100000 00010001101000000100 ]
7 10001100000100100000 [ 10001100000100100000 10001000010100000010 01000011100000000100 00101100010000010000 00100100010101000000 00010101001000100000 00010011001010000000 00010011001000000010 00010001101000001000 ]
1 10101000010000010000 [ 10101000010000010000 10101000010000000010 10100100000101000000 10100100000100100000 01010010001010000000 01010010001000000010 01010001100000001000 01010001100000000100 00110100001000100000 00000110001100100000 ]
11 10001000010000010010 [ 10001000010000010010 10000100001101000000 10000100000101100000 01000110001010000000 01000110001000000010 01000001100000001100 00101000010000010010 00100110001000100000 00100100000101100000 00010001100000001100 ]
10 10001000010010010000 [ 10001000010010010000 10001000010000011000 10000100000101000100 01000010001010100000 01000010001010010000 01000010001000000011 01000001100000011000 00101000010000000011 00100100001010100000 00100100000110100000 00010001100001000100 ]
21 01000010000010100010 [ 01000010000010100010 01000010000010010010 01000010000010000011 00100110001100000000 00100100001101000000 00010110001100000000 00010110001010000000 00010110001000100000 00010110001000000010 00001000000010111000 00000010000010111000 ]
0 10101100010000000000 [ 10101100010000000000 10101100000100000000 10101000010100000000 10100100010100000000 01010011100000000000 01010011001000000000 01010010101000000000 01010001101000000000 00110101001000000000 00110100011000000000 00001010000010010010 00000110000010100010 ]
5 10001100001100000000 [ 10001100001100000000 10001000000110010000 10001000000101000100 10001000000100011000 01000110101000000000 01000010110000000010 01000010100010100000 01000010100010010000 01000010100000011000 01000010100000000011 00100110011000000000 00100110010000000010 00100100010010100000 00100100010000000011 00010101001100000000 00010001001001000100 00000010000010011010 ]
4 10001100010100000000 [ 10001100010100000000 10001100000100010000 10001000010101000000 10001000000101010000 01000011101000000000 01000011100010000000 01000011100000000010 01000010101000001000 01000010100010001000 01000010100000001010 00101100011000000000 00101100010100000000 00101100010000100000 00100100011000000010 00100100010100000010 00100100010000100010 00010101101000000000 00010101001000000100 00010011101000000000 00010011001000000100 00000010000010100011 00000010000010010011 ]
12 10001000010000000011 [ 10001000010000000011 10001000000010110000 10000110001100000000 10000100000110100000 01000110001100000000 01000110001000100000 01000010000010011000 01000001100001000100 01000000100010011000 00101000010010010000 00101000010000011000 00100110001010000000 00100110001000000010 00100100000101000100 00100100000010110000 00010100001101000000 00010100001010100000 00010010001010100000 00010010001010010000 00010010001000000011 00010001100000011000 00000100000010111000 00000000100010111000 ]
