Indice IndiceOld Caract_atome
0 0 Si 1
1 1 Si 2
2 2 Si 3
3 3 Si 4
4 4 OS 1
5 5 OS 2
6 6 OS 3
7 7 OS 4
8 8 OS 5
9 9 OS 6
10 10 OS 7
11 11 OS 8
12 20 O 9
13 23 O 10
14 26 O 11
15 29 O 12
16 32 O 13
17 35 O 14
18 38 O 15
19 41 O 16
Matrice Adjacence
0  0  0  0  1  0  0  0  0  0  0  1  0  0  0  0  0  0  0  0  
0  0  0  0  0  0  1  0  1  0  0  0  0  0  0  0  0  0  0  0  
0  0  0  0  0  1  0  0  0  1  0  0  0  0  0  0  0  0  0  0  
0  0  0  0  0  0  0  1  0  0  1  0  0  0  0  0  0  0  0  0  
1  0  0  0  0  0  0  0  0  2  0  0  0  0  0  0  0  0  0  0  
0  0  1  0  0  0  0  0  0  0  0  2  0  0  0  0  0  0  0  0  
0  1  0  0  0  0  0  0  0  0  2  0  0  0  0  0  0  0  0  0  
0  0  0  1  0  0  0  0  0  0  0  0  0  0  0  0  0  2  0  0  
0  1  0  0  0  0  0  2  0  0  0  0  0  0  0  0  0  0  0  0  
0  0  1  0  0  0  0  0  0  0  0  0  0  0  0  0  0  0  2  0  
0  0  0  1  0  2  0  0  0  0  0  0  0  0  0  0  0  0  0  0  
1  0  0  0  0  0  0  0  0  0  0  0  0  2  0  0  0  0  0  0  
0  0  0  0  0  0  2  0  0  0  0  0  0  0  2  0  0  0  0  0  
0  0  0  0  0  0  0  0  0  0  0  0  0  0  0  0  0  2  0  0  
0  0  0  0  0  2  0  0  0  0  0  0  0  0  0  0  0  0  0  0  
0  0  0  0  2  0  0  0  0  0  0  0  2  0  0  0  0  0  0  0  
0  0  0  0  0  0  0  0  2  0  0  0  0  0  0  2  0  0  0  0  
0  0  0  0  0  0  0  0  0  0  0  0  0  0  0  0  0  0  0  0  
0  0  0  0  0  0  2  0  0  0  0  0  0  0  0  0  0  0  0  2  
0  0  0  0  0  0  0  0  0  0  0  0  0  0  0  0  0  0  0  0  

Ordre : 4
Nombre de sous-graphes connexes : 99
Nombre de certificats différents : 11
Nombre de motifs uniques :3
Indices triés :
891045706213

Ordre : 5
Nombre de sous-graphes connexes : 221
Nombre de certificats différents : 43
Nombre de motifs uniques :14
Indices triés :
1418222325263133353637383941202981517192740343242316132824309267111102105412

Ordre : 6
Nombre de sous-graphes connexes : 491
Nombre de certificats différents : 153
Nombre de motifs uniques :61
Indices triés :
2038395659606264656972757780838990919294969798100101102103104105108109110112114115116117118122124125126127128130132133134135136137139140141142143146147149150152527888475010601036457476854053666781120163435555758637173829912913814514815112276812113193113144263131870123151995111436184449174687211195110730794148613754414278333148496112832232425295222
