identifiant liste_combi 
8 00000100001100100000 [ 00000100001100100000 ]
9 00000010010010000010 [ 00000010010010000010 ]
10 00000010010000000011 [ 00000010010000000011 ]
4 01000010010000000010 [ 01000010010000000010 00100010010000000010 ]
5 00001010010000000010 [ 00001010010000000010 00000010011000000010 ]
7 00000110001010000000 [ 00000110001010000000 00000110001000100000 00000110001000000010 00000100001101000000 ]
0 10101000010000000000 [ 10101000010000000000 10100100000100000000 01010010001000000000 01010001100000000000 00110100001000000000 00001010000010010000 00001000100000011000 00000110001100000000 00000110000010100000 00000001000101000100 00000000000010111000 ]
6 00001000010010010000 [ 00001000010010010000 00001000010000011000 00001000010000000011 00000100001010100000 00000100000110100000 00000100000101000100 00000010001010100000 00000010001010010000 00000010001000000011 00000001100001000100 00000001100000011000 ]
2 10001000010000010000 [ 10001000010000010000 10000100000101000000 01000010001010000000 01000010001000000010 01000010000010000010 01000001100000001000 00101000010000000010 00100100001100000000 00100100001000100000 00100100000100100000 00010110001000000000 00010001100000000100 00001000000010011000 00000010001010000010 00000010000010110000 ]
1 10001100000100000000 [ 10001100000100000000 10001000010100000000 10001000000101000000 10001000000100010000 01000011100000000000 01000010101000000000 01000010100010000000 01000010100000001000 01000010100000000010 00101100010000000000 00100100011000000000 00100100010100000000 00100100010000100000 00100100010000000010 00010101001000000000 00010011001000000000 00010001101000000000 00010001001000000100 00001000010000010010 00000100000101100000 00000010000010100010 00000010000010010010 00000010000010000011 00000001100000001100 ]
3 10001000010000000010 [ 10001000010000000010 10001000000010010000 10001000000000011000 10000100001100000000 10000100000100100000 10000000000101000100 01000110001000000000 01000010000010100000 01000010000010010000 01000010000000000011 01000001100000000100 01000000100000011000 00101000010000010000 00100110001000000000 00100100000101000000 00100100000010100000 00100000010000000011 00010100001100000000 00010100001000100000 00010010001010000000 00010010001000000010 00010001100000001000 00010001000001000100 00001000000010110000 00000100000010110000 00000010000010011000 00000000100010011000 ]
