ordre id_c id_t nb_occurrence taux_recouvrement recouvrement certificat
6 20 0 1 1.0 '10010100001100100000 '00000000000000100000000000000008000000000000001c00000000000000a000000000000000600000000000000020
6 38 1 1 1.0 '10001010010010000010 '000000000000004000000000000000a00000000000000048000000000000000c00000000000000300000000000000010
6 39 2 1 1.0 '10001010010000010010 '000000000000004000000000000000a80000000000000044000000000000000400000000000000400000000000000030
6 56 3 1 1.0 '10000100001101100000 '000000000000004000000000000000a80000000000000054000000000000002000000000000000400000000000000020
6 59 4 1 1.0 '01100010010010000010 '00000000000000100000000000000020000000000000004c000000000000008400000000000000200000000000000030
6 60 5 1 1.0 '01100010010000000011 '000000000000002000000000000000100000000000000084000000000000004400000000000000040000000000000038
6 62 6 1 1.0 '01010010001010000010 '00000000000000100000000000000020000000000000005000000000000000ac00000000000000100000000000000010
6 64 7 1 1.0 '01001010010010000010 '0000000000000040000000000000008c0000000000000014000000000000002000000000000000400000000000000060
6 65 8 1 1.0 '01001010010000010010 '000000000000004000000000000000880000000000000014000000000000002800000000000000500000000000000020
6 69 9 1 1.0 '01000110011000000010 '000000000000004000000000000000a40000000000000050000000000000002000000000000000040000000000000048
6 72 10 1 1.0 '01000110001010000010 '000000000000004000000000000000ac0000000000000050000000000000002000000000000000400000000000000040
6 75 11 1 1.0 '01000011100010000010 '00000000000000600000000000000090000000000000008c000000000000004000000000000000200000000000000020
6 77 12 1 1.0 '01000010101010000010 '0000000000000060000000000000009c0000000000000080000000000000004000000000000000400000000000000040
6 80 13 1 1.0 '01000010011010000010 '000000000000004000000000000000ac0000000000000040000000000000000800000000000000500000000000000040
6 83 14 1 1.0 '01000010010010000011 '000000000000004000000000000000940000000000000010000000000000006800000000000000100000000000000040
6 89 15 1 1.0 '00110101011000000000 '000000000000002800000000000000140000000000000080000000000000004000000000000000840000000000000048
6 90 16 1 1.0 '00101010010010000010 '000000000000004000000000000000a80000000000000040000000000000000c00000000000000500000000000000010
6 91 17 1 1.0 '00101010010000010010 '000000000000004000000000000000a80000000000000044000000000000000800000000000000500000000000000020
6 92 18 1 1.0 '00100110010010000010 '000000000000006000000000000000800000000000000088000000000000000c00000000000000300000000000000010
6 94 19 1 1.0 '00100110001100100000 '000000000000004000000000000000b40000000000000048000000000000004000000000000000200000000000000040
6 96 20 1 1.0 '00100100011100100000 '00000000000000600000000000000080000000000000009c000000000000002000000000000000200000000000000020
6 97 21 1 1.0 '00100100001101100000 '000000000000004000000000000000b80000000000000044000000000000004000000000000000400000000000000020
6 98 22 1 1.0 '00100010011010000010 '00000000000000400000000000000088000000000000001c000000000000002000000000000000600000000000000020
6 100 23 1 1.0 '00100010010010000011 '000000000000004000000000000000900000000000000018000000000000006400000000000000200000000000000010
6 101 24 1 1.0 '00010110001100100000 '000000000000004000000000000000b0000000000000004c000000000000004000000000000000200000000000000020
6 102 25 1 1.0 '00010110001010100000 '000000000000004000000000000000b00000000000000048000000000000004400000000000000240000000000000018
6 103 26 1 1.0 '00010011001010000010 '000000000000006000000000000000900000000000000080000000000000004c00000000000000100000000000000010
6 104 27 1 1.0 '00010010011010000010 '000000000000004000000000000000a0000000000000004c000000000000000800000000000000300000000000000020
6 105 28 1 1.0 '00001110011000000010 '000000000000000c00000000000000080000000000000014000000000000002000000000000000c000000000000000a0
6 108 29 1 1.0 '00001010011010000010 '000000000000001c000000000000002400000000000000400000000000000080000000000000008000000000000000c0
6 109 30 1 1.0 '00001010011000010010 '0000000000000014000000000000002400000000000000480000000000000080000000000000002000000000000000c0
6 110 31 1 1.0 '00001010011000000011 '0000000000000024000000000000001400000000000000800000000000000040000000000000000400000000000000c8
6 112 32 1 1.0 '00001010010010100010 '000000000000000c000000000000002400000000000000400000000000000008000000000000009000000000000000c0
6 114 33 1 1.0 '00001010010010010010 '000000000000000c000000000000002400000000000000500000000000000028000000000000009000000000000000c0
6 115 34 1 1.0 '00001010010010000011 '000000000000000c000000000000002400000000000000400000000000000004000000000000008000000000000000d0
6 116 35 1 1.0 '00001010010000011010 '0000000000000004000000000000002400000000000000480000000000000008000000000000003000000000000000c0
6 117 36 1 1.0 '00001010010000010011 '0000000000000004000000000000002400000000000000480000000000000004000000000000002000000000000000d0
6 118 37 1 1.0 '00001010001010010010 '0000000000000010000000000000002c0000000000000040000000000000008800000000000000500000000000000040
6 122 38 1 1.0 '00001000010010011010 '0000000000000044000000000000008800000000000000040000000000000004000000000000004000000000000000b0
6 124 39 1 1.0 '00000110011100000010 '0000000000000004000000000000000c00000000000000100000000000000028000000000000005000000000000000c0
6 125 40 1 1.0 '00000110011010000010 '0000000000000004000000000000001c00000000000000100000000000000060000000000000004000000000000000c0
6 126 41 1 1.0 '00000110011000100010 '0000000000000004000000000000001400000000000000180000000000000060000000000000002000000000000000c0
6 127 42 1 1.0 '00000110011000000011 '0000000000000004000000000000001400000000000000100000000000000060000000000000000400000000000000c8
6 128 43 1 1.0 '00000110010010100010 '000000000000000c000000000000000400000000000000100000000000000028000000000000009000000000000000c0
6 130 44 1 1.0 '00000110001110100000 '00000000000000180000000000000020000000000000005400000000000000a000000000000000840000000000000028
6 132 45 1 1.0 '00000110001110000010 '0000000000000010000000000000002c000000000000005000000000000000a000000000000000400000000000000040
6 133 46 1 1.0 '00000110001101100000 '00000000000000100000000000000028000000000000005400000000000000a000000000000000400000000000000020
6 134 47 1 1.0 '00000110001100100010 '00000000000000180000000000000020000000000000005400000000000000a000000000000000800000000000000020
6 135 48 1 1.0 '00000110001010110000 '0000000000000024000000000000002800000000000000c0000000000000000800000000000000540000000000000088
6 136 49 1 1.0 '00000110001010100010 '0000000000000024000000000000003800000000000000c0000000000000004000000000000000440000000000000088
6 137 50 1 1.0 '00000110001010011000 '0000000000000024000000000000002000000000000000c0000000000000000c00000000000000100000000000000090
6 139 51 1 1.0 '00000110001000100011 '0000000000000024000000000000002800000000000000c0000000000000000800000000000000500000000000000080
6 140 52 1 1.0 '00000110000110100010 '000000000000001800000000000000240000000000000040000000000000008400000000000000800000000000000050
6 141 53 1 1.0 '00000100001111100000 '0000000000000024000000000000002000000000000000c8000000000000000800000000000000300000000000000080
6 142 54 1 1.0 '00000100001110110000 '0000000000000020000000000000002000000000000000c4000000000000000c00000000000000100000000000000030
6 143 55 1 1.0 '00000100001101100100 '0000000000000024000000000000002000000000000000c8000000000000000400000000000000200000000000000090
6 146 56 1 1.0 '00000010011010000011 '0000000000000004000000000000002c00000000000000400000000000000004000000000000004000000000000000d0
6 147 57 1 1.0 '00000010010010110010 '000000000000000c00000000000000040000000000000008000000000000000800000000000000b000000000000000c0
6 149 58 1 1.0 '00000010010010011010 '000000000000000c00000000000000040000000000000018000000000000002000000000000000a000000000000000c0
6 150 59 1 1.0 '00000010001010110010 '000000000000004c000000000000008000000000000000040000000000000004000000000000008000000000000000b0
6 152 60 1 1.0 '00000010001010011010 '000000000000004c000000000000008000000000000000140000000000000020000000000000008000000000000000a0
6 5 61 2 1.0 '11111111111100000000 '0000000000000030000000000000000c0000000000000088000000000000008400000000000000600000000000000050
6 2 62 2 1.0909090909090908 '11000210101110111000 '000000000000000800000000000000040000000000000018000000000000002400000000000000a00000000000000050
6 78 63 2 1.0909090909090908 '01100120111010011010 '000000000000006000000000000000880000000000000084000000000000000c00000000000000500000000000000030
6 88 64 2 1.0909090909090908 '00111120001110111000 '000000000000000800000000000000040000000000000008000000000000000400000000000000a40000000000000058
6 47 65 2 1.2 '11001010011020121000 '000000000000004000000000000000a40000000000000040000000000000000400000000000000040000000000000058
6 50 66 2 1.2 '11001010100120121000 '000000000000006000000000000000840000000000000080000000000000000400000000000000040000000000000058
6 106 67 2 1.2 '00001211002111010100 '000000000000000400000000000000100000000000000018000000000000006000000000000000240000000000000088
6 0 68 2 1.3333333333333333 '11111020021000000020 '000000000000000800000000000000100000000000000014000000000000006000000000000000840000000000000028
6 10 69 2 1.3333333333333333 '11111020021000000020 '000000000000000800000000000000100000000000000004000000000000004c00000000000000900000000000000030
6 36 70 2 1.3333333333333333 '10011021021100000020 '000000000000006000000000000000880000000000000080000000000000000400000000000000440000000000000018
6 45 71 2 1.3333333333333333 '10101120000020110020 '000000000000004000000000000000840000000000000018000000000000002400000000000000200000000000000050
6 74 72 2 1.3333333333333333 '01100121120100000020 '000000000000006000000000000000880000000000000084000000000000000400000000000000400000000000000030
6 76 73 2 1.3333333333333333 '01101120121000000020 '0000000000000060000000000000008c0000000000000080000000000000000400000000000000400000000000000050
6 85 74 2 1.3333333333333333 '01010120001020110020 '000000000000004000000000000000b00000000000000040000000000000004c00000000000000100000000000000010
6 40 75 2 1.5 '10011020021000000022 '000000000000004000000000000000a00000000000000048000000000000000800000000000000340000000000000008
6 53 76 2 1.5 '10010210002201200000 '000000000000004000000000000000a00000000000000054000000000000002800000000000000100000000000000020
6 66 77 2 1.5 '01101020021000000022 '000000000000004000000000000000880000000000000018000000000000002000000000000000640000000000000008
6 67 78 2 1.5 '02001120000020110020 '0000000000000040000000000000008c0000000000000010000000000000002800000000000000500000000000000040
6 81 79 2 1.5 '01101020021000000022 '000000000000004000000000000000a80000000000000040000000000000000800000000000000540000000000000008
6 120 80 2 1.5 '00001010011020222000 '00000000000000440000000000000080000000000000000c0000000000000004000000000000002000000000000000b0
6 16 81 2 1.7142857142857142 '10210200002200200000 '000000000000000800000000000000100000000000000010000000000000006c00000000000000900000000000000010
6 34 82 2 1.7142857142857142 '10102200000020220000 '000000000000004000000000000000840000000000000010000000000000002800000000000000140000000000000048
6 35 83 2 1.7142857142857142 '10012020022000000020 '000000000000004000000000000000a00000000000000044000000000000000c00000000000000100000000000000030
6 55 84 2 1.7142857142857142 '10010200002220200000 '000000000000004000000000000000a00000000000000058000000000000002000000000000000240000000000000008
6 57 85 2 1.7142857142857142 '02201020021000000020 '000000000000000800000000000000100000000000000010000000000000006400000000000000840000000000000018
6 58 86 2 1.7142857142857142 '02200120120000000020 '000000000000000800000000000000300000000000000044000000000000004000000000000000840000000000000028
6 63 87 2 1.7142857142857142 '01102020022000000020 '000000000000004000000000000000a40000000000000040000000000000000c00000000000000100000000000000050
6 71 88 2 1.7142857142857142 '01100220002020200000 '000000000000004000000000000000a80000000000000050000000000000002400000000000000440000000000000018
6 73 89 2 1.7142857142857142 '01100220002000200020 '000000000000004000000000000000a80000000000000050000000000000002400000000000000400000000000000010
6 82 90 2 1.7142857142857142 '02000020020020110020 '000000000000004000000000000000980000000000000010000000000000006000000000000000440000000000000008
6 99 91 2 1.7142857142857142 '00200020020020110020 '000000000000004000000000000000880000000000000018000000000000002400000000000000600000000000000010
6 129 92 2 1.7142857142857142 '00000220002212000010 '000000000000002800000000000000140000000000000090000000000000006000000000000000800000000000000040
6 138 93 2 1.7142857142857142 '00000220002020010021 '000000000000002c000000000000002000000000000000c0000000000000000800000000000000900000000000000080
6 145 94 2 1.7142857142857142 '00000020022020110020 '0000000000000004000000000000002c00000000000000400000000000000008000000000000005000000000000000c0
6 148 95 2 1.7142857142857142 '00000020020020110022 '000000000000000c000000000000000400000000000000040000000000000008000000000000009000000000000000e0
6 151 96 2 1.7142857142857142 '00000020002020110022 '0000000000000040000000000000008c0000000000000008000000000000000400000000000000600000000000000050
6 12 97 3 1.125 '21211101110101111110 '000000000000002000000000000000100000000000000098000000000000006400000000000000200000000000000010
6 27 98 3 1.3846153846153846 '11011311103200011100 '000000000000006000000000000000880000000000000084000000000000000800000000000000500000000000000020
6 68 99 3 1.3846153846153846 '01110321113111100000 '000000000000006000000000000000880000000000000080000000000000000c00000000000000500000000000000010
6 121 100 3 1.3846153846153846 '00001101110131231110 '0000000000000044000000000000008800000000000000140000000000000020000000000000004000000000000000a0
6 131 101 3 1.8 '00000330003311010111 '00000000000000140000000000000020000000000000005000000000000000a000000000000000040000000000000088
6 93 102 3 2.0 '00210330003311000010 '000000000000004000000000000000b00000000000000048000000000000004000000000000000240000000000000008
6 113 103 3 2.0 '00003020121030132000 '000000000000000800000000000000240000000000000040000000000000000400000000000000840000000000000058
6 144 104 3 2.0 '00000201101130333000 '0000000000000044000000000000008000000000000000140000000000000028000000000000001000000000000000a0
6 26 105 4 1.6 '11111321122200200022 '000000000000006000000000000000880000000000000080000000000000000800000000000000540000000000000008
6 3 106 4 1.7142857142857142 '11222330102120121000 '000000000000000400000000000000100000000000000008000000000000004400000000000000240000000000000098
6 13 107 4 1.7142857142857142 '11111330102220222000 '0000000000000004000000000000000800000000000000140000000000000020000000000000004400000000000000a8
6 18 108 4 1.7142857142857142 '11111330102220222000 '00000000000000040000000000000008000000000000000c0000000000000004000000000000006000000000000000b0
6 70 109 4 1.7142857142857142 '01211230013130221010 '000000000000004000000000000000a00000000000000050000000000000002c00000000000000100000000000000010
6 123 110 4 1.7142857142857142 '00002101120122132222 '000000000000004800000000000000840000000000000008000000000000000400000000000000a00000000000000050
6 15 111 4 2.0 '12230430004111100010 '000000000000000800000000000000100000000000000010000000000000006800000000000000940000000000000008
6 19 112 4 2.0 '13310430004111100010 '000000000000000800000000000000100000000000000018000000000000006400000000000000a00000000000000010
6 95 113 4 2.0 '00130433014111100010 '000000000000006000000000000000800000000000000098000000000000002400000000000000200000000000000010
6 111 114 4 2.0 '00003131111140242000 '000000000000000800000000000000240000000000000040000000000000000800000000000000940000000000000048
6 43 115 4 2.1818181818181817 '12103130100040242000 '000000000000004000000000000000880000000000000010000000000000002c00000000000000500000000000000010
6 61 116 4 2.1818181818181817 '01340430004111100010 '000000000000000800000000000000100000000000000014000000000000006800000000000000900000000000000020
6 84 117 4 2.1818181818181817 '03100130004140210031 '000000000000004000000000000000b80000000000000040000000000000004000000000000000440000000000000008
6 44 118 4 2.4 '22003130100040242000 '000000000000004000000000000000880000000000000010000000000000002800000000000000540000000000000008
6 9 119 5 1.875 '11332431114210011010 '0000000000000010000000000000000c000000000000001000000000000000a800000000000000500000000000000040
6 17 120 5 1.875 '22221431214210011010 '000000000000000c00000000000000100000000000000018000000000000006000000000000000a00000000000000080
6 46 121 5 2.0 '12201211112150352000 '000000000000004000000000000000b00000000000000040000000000000004400000000000000040000000000000018
6 87 122 5 2.0 '01130440014121021131 '000000000000004000000000000000b00000000000000044000000000000004000000000000000040000000000000028
6 21 123 5 2.142857142857143 '22103330222320220010 '000000000000006000000000000000840000000000000080000000000000000c00000000000000100000000000000050
6 119 124 5 2.142857142857143 '00002213310313223310 '000000000000001000000000000000240000000000000048000000000000008800000000000000300000000000000040
6 51 125 5 2.5 '11031040003050332031 '000000000000004000000000000000a00000000000000058000000000000002400000000000000200000000000000010
6 107 126 5 2.5 '00003321212150352000 '000000000000000800000000000000240000000000000040000000000000000c00000000000000900000000000000050
6 30 127 6 2.0 '21213312231302222220 '000000000000006000000000000000940000000000000080000000000000004800000000000000100000000000000040
6 79 128 6 2.0 '01221442224220111131 '000000000000006000000000000000840000000000000098000000000000002000000000000000200000000000000040
6 4 129 6 2.25 '11333522224020110022 '00000000000000140000000000000008000000000000001000000000000000a000000000000000440000000000000088
6 14 130 6 2.4 '11331542024220220020 '00000000000000140000000000000008000000000000001000000000000000a800000000000000500000000000000080
6 86 131 6 2.769230769230769 '02130460004331210042 '000000000000004000000000000000b00000000000000048000000000000004400000000000000200000000000000010
6 1 132 7 2.3333333333333335 '33114233321232142200 '000000000000002000000000000000100000000000000088000000000000004400000000000000240000000000000018
6 37 133 7 2.3333333333333335 '32114233321332142200 '000000000000004000000000000000a80000000000000040000000000000000400000000000000440000000000000018
6 54 134 7 2.3333333333333335 '11324233321332142200 '000000000000004000000000000000a00000000000000044000000000000000800000000000000140000000000000028
6 41 135 7 2.4705882352941178 '33014233321332142200 '000000000000004000000000000000880000000000000014000000000000002000000000000000440000000000000028
6 42 136 8 2.6666666666666665 '33115252411442242200 '000000000000006000000000000000840000000000000080000000000000000800000000000000140000000000000048
6 7 137 9 2.8421052631578947 '44553435234311211120 '000000000000000800000000000000300000000000000040000000000000004800000000000000940000000000000008
6 8 138 9 2.8421052631578947 '44553432444311211120 '000000000000000800000000000000300000000000000040000000000000004c00000000000000900000000000000010
6 33 139 9 3.0 '22233445233322320540 '000000000000006000000000000000900000000000000084000000000000004800000000000000100000000000000020
6 31 140 9 3.176470588235294 '24303442443322324050 '000000000000006000000000000000940000000000000088000000000000004000000000000000200000000000000040
6 48 141 10 3.0 '43213522233334253442 '000000000000004000000000000000a80000000000000050000000000000002000000000000000440000000000000008
6 49 142 10 3.0 '33313532233534243341 '000000000000004000000000000000a40000000000000050000000000000002800000000000000100000000000000040
6 6 143 10 3.1578947368421053 '44663544344311111230 '000000000000000800000000000000300000000000000044000000000000004800000000000000900000000000000020
6 11 144 11 3.3 '55663332234252342222 '00000000000000100000000000000020000000000000005400000000000000a000000000000000040000000000000028
6 28 145 11 3.3 '21354546245352342222 '000000000000006000000000000000900000000000000080000000000000004800000000000000140000000000000008
6 32 146 11 3.3 '34314442555452342222 '000000000000006000000000000000980000000000000080000000000000004000000000000000440000000000000008
6 23 147 11 3.473684210526316 '23426745567411211230 '0000000000000060000000000000008c0000000000000090000000000000002000000000000000400000000000000040
6 24 148 11 3.473684210526316 '21355746657411222120 '000000000000006000000000000000880000000000000090000000000000002400000000000000400000000000000010
6 25 149 11 3.473684210526316 '162116101636361321061 '0000000000000060000000000000008c0000000000000080000000000000000800000000000000500000000000000040
6 29 150 12 3.6 '34324655444443242333 '000000000000006000000000000000900000000000000088000000000000004000000000000000240000000000000008
6 52 151 13 3.9 '32441961218592584121 '000000000000004000000000000000a00000000000000050000000000000002800000000000000140000000000000008
6 22 152 15 4.5 '45415782664543456173 '000000000000006000000000000000840000000000000088000000000000000800000000000000300000000000000040
