identifiant liste_combi 
3 11001010110000000010 [ 11001010110000000010 ]
8 11001010010010000010 [ 11001010010010000010 ]
9 11001010010000010010 [ 11001010010000010010 ]
14 11000110001100100000 [ 11000110001100100000 ]
21 10110100001100100000 [ 10110100001100100000 ]
43 10101010010010000010 [ 10101010010010000010 ]
44 10101010010000010010 [ 10101010010000010010 ]
53 10100110001100100000 [ 10100110001100100000 ]
58 10100100001101100000 [ 10100100001101100000 ]
66 10011010011000000010 [ 10011010011000000010 ]
70 10010110001100100000 [ 10010110001100100000 ]
72 10010100001110100000 [ 10010100001110100000 ]
73 10010100001101100000 [ 10010100001101100000 ]
76 10001110011000000010 [ 10001110011000000010 ]
80 10001110001100100000 [ 10001110001100100000 ]
104 10001100001010110000 [ 10001100001010110000 ]
113 10001100000010111000 [ 10001100000010111000 ]
117 10001010011010000010 [ 10001010011010000010 ]
118 10001010011000010010 [ 10001010011000010010 ]
120 10001010010110000010 [ 10001010010110000010 ]
122 10001010010100010010 [ 10001010010100010010 ]
125 10001010010010100010 [ 10001010010010100010 ]
127 10001010010010010010 [ 10001010010010010010 ]
128 10001010010010000011 [ 10001010010010000011 ]
129 10001010010000011010 [ 10001010010000011010 ]
130 10001010010000010011 [ 10001010010000010011 ]
134 10001010001010010010 [ 10001010001010010010 ]
138 10001010000110010010 [ 10001010000110010010 ]
141 10001010000010011010 [ 10001010000010011010 ]
151 10001000010010011010 [ 10001000010010011010 ]
153 10001000000111011000 [ 10001000000111011000 ]
155 10001000000110111000 [ 10001000000110111000 ]
156 10000110011100000010 [ 10000110011100000010 ]
158 10000110001110100000 [ 10000110001110100000 ]
160 10000110001110000010 [ 10000110001110000010 ]
161 10000110001101100000 [ 10000110001101100000 ]
162 10000110001100100010 [ 10000110001100100010 ]
165 10000110000110100010 [ 10000110000110100010 ]
167 10000100001111100000 [ 10000100001111100000 ]
169 10000100001101100100 [ 10000100001101100100 ]
172 01101010110000000010 [ 01101010110000000010 ]
173 01101010011000000010 [ 01101010011000000010 ]
174 01101010010010000010 [ 01101010010010000010 ]
175 01101010010000010010 [ 01101010010000010010 ]
177 01100110110000000010 [ 01100110110000000010 ]
178 01100110011000000010 [ 01100110011000000010 ]
180 01100110010010000010 [ 01100110010010000010 ]
183 01100110001100100000 [ 01100110001100100000 ]
184 01100110001010100000 [ 01100110001010100000 ]
185 01100110001010000010 [ 01100110001010000010 ]
186 01100110001000100010 [ 01100110001000100010 ]
187 01100010110010000010 [ 01100010110010000010 ]
188 01100010011010000010 [ 01100010011010000010 ]
190 01100010010010000011 [ 01100010010010000011 ]
193 01010110011000000010 [ 01010110011000000010 ]
194 01010110001100100000 [ 01010110001100100000 ]
196 01010110001010000010 [ 01010110001010000010 ]
199 01010011100010000010 [ 01010011100010000010 ]
200 01010011001010000010 [ 01010011001010000010 ]
201 01010010101010000010 [ 01010010101010000010 ]
202 01010010011010000010 [ 01010010011010000010 ]
204 01001110011000000010 [ 01001110011000000010 ]
205 01001011110000000010 [ 01001011110000000010 ]
208 01001010110000000011 [ 01001010110000000011 ]
209 01001010100010011000 [ 01001010100010011000 ]
211 01001010011010000010 [ 01001010011010000010 ]
212 01001010011000010010 [ 01001010011000010010 ]
214 01001010010010100010 [ 01001010010010100010 ]
215 01001010010010010010 [ 01001010010010010010 ]
216 01001010010010000011 [ 01001010010010000011 ]
217 01001010010000011010 [ 01001010010000011010 ]
218 01001010010000010011 [ 01001010010000010011 ]
219 01001010001010010010 [ 01001010001010010010 ]
221 01001010000010011010 [ 01001010000010011010 ]
225 01000110111000000010 [ 01000110111000000010 ]
226 01000110101100100000 [ 01000110101100100000 ]
229 01000110101000101000 [ 01000110101000101000 ]
230 01000110101000100010 [ 01000110101000100010 ]
231 01000110011100000010 [ 01000110011100000010 ]
232 01000110011010000010 [ 01000110011010000010 ]
233 01000110011000100010 [ 01000110011000100010 ]
234 01000110011000000011 [ 01000110011000000011 ]
235 01000110010010100010 [ 01000110010010100010 ]
236 01000110001110100000 [ 01000110001110100000 ]
237 01000110001110000010 [ 01000110001110000010 ]
238 01000110001101100000 [ 01000110001101100000 ]
239 01000110001100100010 [ 01000110001100100010 ]
240 01000110001010110000 [ 01000110001010110000 ]
241 01000110001010100010 [ 01000110001010100010 ]
242 01000110001010011000 [ 01000110001010011000 ]
244 01000110001000100011 [ 01000110001000100011 ]
245 01000110000110100010 [ 01000110000110100010 ]
249 01000011110010000010 [ 01000011110010000010 ]
253 01000011101010000010 [ 01000011101010000010 ]
256 01000011100010001010 [ 01000011100010001010 ]
257 01000011100010000110 [ 01000011100010000110 ]
258 01000010111010000010 [ 01000010111010000010 ]
262 01000010110000011010 [ 01000010110000011010 ]
265 01000010101010001010 [ 01000010101010001010 ]
266 01000010100010111000 [ 01000010100010111000 ]
267 01000010100010110010 [ 01000010100010110010 ]
269 01000010100010011010 [ 01000010100010011010 ]
271 01000010011010000011 [ 01000010011010000011 ]
272 01000010010010110010 [ 01000010010010110010 ]
274 01000010010010011010 [ 01000010010010011010 ]
275 01000010001010110010 [ 01000010001010110010 ]
277 01000010001010011010 [ 01000010001010011010 ]
279 01000010000010110011 [ 01000010000010110011 ]
287 00110110011000000010 [ 00110110011000000010 ]
289 00110110001100100000 [ 00110110001100100000 ]
291 00110110001010000010 [ 00110110001010000010 ]
292 00110101011000100000 [ 00110101011000100000 ]
294 00110100001101100000 [ 00110100001101100000 ]
295 00110010011010000010 [ 00110010011010000010 ]
296 00101110011000000010 [ 00101110011000000010 ]
297 00101110010010000010 [ 00101110010010000010 ]
298 00101110010000010010 [ 00101110010000010010 ]
299 00101110001010010000 [ 00101110001010010000 ]
301 00101100011100100000 [ 00101100011100100000 ]
305 00101100000010111000 [ 00101100000010111000 ]
306 00101010011010000010 [ 00101010011010000010 ]
307 00101010011000010010 [ 00101010011000010010 ]
308 00101010010010100010 [ 00101010010010100010 ]
310 00101010010010010010 [ 00101010010010010010 ]
311 00101010010010000011 [ 00101010010010000011 ]
312 00101010010000011010 [ 00101010010000011010 ]
313 00101010010000010011 [ 00101010010000010011 ]
315 00101000010010011010 [ 00101000010010011010 ]
317 00100110011100000010 [ 00100110011100000010 ]
318 00100110011010010000 [ 00100110011010010000 ]
319 00100110011010000010 [ 00100110011010000010 ]
320 00100110011000100010 [ 00100110011000100010 ]
321 00100110011000000011 [ 00100110011000000011 ]
322 00100110010110000010 [ 00100110010110000010 ]
323 00100110010010100010 [ 00100110010010100010 ]
324 00100110010010000011 [ 00100110010010000011 ]
326 00100110001110100000 [ 00100110001110100000 ]
328 00100110001110000010 [ 00100110001110000010 ]
329 00100110001101100000 [ 00100110001101100000 ]
331 00100110001100100010 [ 00100110001100100010 ]
332 00100110001010110000 [ 00100110001010110000 ]
333 00100110001010100010 [ 00100110001010100010 ]
334 00100110001000100011 [ 00100110001000100011 ]
335 00100110000110100010 [ 00100110000110100010 ]
337 00100100011110100000 [ 00100100011110100000 ]
338 00100100011101100000 [ 00100100011101100000 ]
341 00100100011100100010 [ 00100100011100100010 ]
343 00100100001111100000 [ 00100100001111100000 ]
344 00100100001110110000 [ 00100100001110110000 ]
345 00100100001101100100 [ 00100100001101100100 ]
347 00100010011010000011 [ 00100010011010000011 ]
348 00100010010010110010 [ 00100010010010110010 ]
350 00100010010010011010 [ 00100010010010011010 ]
353 00011010011010000010 [ 00011010011010000010 ]
354 00011010011000010010 [ 00011010011000010010 ]
355 00011010001010010010 [ 00011010001010010010 ]
356 00010111011000000010 [ 00010111011000000010 ]
357 00010111001100100000 [ 00010111001100100000 ]
358 00010111001100000100 [ 00010111001100000100 ]
359 00010111001010100000 [ 00010111001010100000 ]
360 00010111001010000010 [ 00010111001010000010 ]
361 00010111001000100010 [ 00010111001000100010 ]
362 00010110011100000010 [ 00010110011100000010 ]
363 00010110011000000011 [ 00010110011000000011 ]
364 00010110001110100000 [ 00010110001110100000 ]
365 00010110001110000010 [ 00010110001110000010 ]
366 00010110001101100000 [ 00010110001101100000 ]
367 00010110001100100010 [ 00010110001100100010 ]
368 00010110001010110000 [ 00010110001010110000 ]
369 00010110001010100010 [ 00010110001010100010 ]
370 00010101001101100000 [ 00010101001101100000 ]
371 00010101001101000100 [ 00010101001101000100 ]
373 00010100001111100000 [ 00010100001111100000 ]
374 00010100001101100100 [ 00010100001101100100 ]
375 00010011101010000010 [ 00010011101010000010 ]
376 00010011011010000010 [ 00010011011010000010 ]
378 00010011001010000110 [ 00010011001010000110 ]
380 00010010011010000011 [ 00010010011010000011 ]
381 00010010001010110010 [ 00010010001010110010 ]
383 00010010001010011010 [ 00010010001010011010 ]
384 00001110011100000010 [ 00001110011100000010 ]
386 00001110011010000010 [ 00001110011010000010 ]
387 00001110011000100010 [ 00001110011000100010 ]
388 00001110011000010010 [ 00001110011000010010 ]
389 00001110011000000011 [ 00001110011000000011 ]
391 00001110001010110000 [ 00001110001010110000 ]
392 00001110001010011000 [ 00001110001010011000 ]
393 00001110001010010010 [ 00001110001010010010 ]
396 00001100001110110000 [ 00001100001110110000 ]
398 00001010110000011010 [ 00001010110000011010 ]
400 00001010011010100010 [ 00001010011010100010 ]
401 00001010011010010010 [ 00001010011010010010 ]
402 00001010011010000011 [ 00001010011010000011 ]
403 00001010011000011010 [ 00001010011000011010 ]
404 00001010011000010011 [ 00001010011000010011 ]
406 00001010010010110010 [ 00001010010010110010 ]
407 00001010010010100011 [ 00001010010010100011 ]
408 00001010010010011010 [ 00001010010010011010 ]
409 00001010010010010011 [ 00001010010010010011 ]
410 00001010010000011011 [ 00001010010000011011 ]
411 00001010001010110010 [ 00001010001010110010 ]
412 00001010001010011010 [ 00001010001010011010 ]
413 00001010001010010011 [ 00001010001010010011 ]
417 00001000110010111000 [ 00001000110010111000 ]
418 00001000110010011010 [ 00001000110010011010 ]
419 00001000010010111010 [ 00001000010010111010 ]
421 00001000010010011011 [ 00001000010010011011 ]
422 00000110101010011000 [ 00000110101010011000 ]
423 00000110011110000010 [ 00000110011110000010 ]
424 00000110011101000010 [ 00000110011101000010 ]
425 00000110011100100010 [ 00000110011100100010 ]
426 00000110011100000011 [ 00000110011100000011 ]
427 00000110011010100010 [ 00000110011010100010 ]
428 00000110011010010010 [ 00000110011010010010 ]
429 00000110011010000011 [ 00000110011010000011 ]
430 00000110011000100011 [ 00000110011000100011 ]
431 00000110010110100010 [ 00000110010110100010 ]
432 00000110010010110010 [ 00000110010010110010 ]
433 00000110010010100011 [ 00000110010010100011 ]
434 00000110001111100000 [ 00000110001111100000 ]
436 00000110001111000010 [ 00000110001111000010 ]
437 00000110001110110000 [ 00000110001110110000 ]
438 00000110001110100010 [ 00000110001110100010 ]
439 00000110001110011000 [ 00000110001110011000 ]
441 00000110001101100100 [ 00000110001101100100 ]
442 00000110001101100010 [ 00000110001101100010 ]
443 00000110001100100011 [ 00000110001100100011 ]
444 00000110001010111000 [ 00000110001010111000 ]
445 00000110001010110010 [ 00000110001010110010 ]
446 00000110001010100011 [ 00000110001010100011 ]
447 00000110001010011010 [ 00000110001010011010 ]
448 00000110001010010011 [ 00000110001010010011 ]
449 00000110000111100010 [ 00000110000111100010 ]
450 00000110000110110010 [ 00000110000110110010 ]
451 00000110000110100011 [ 00000110000110100011 ]
453 00000101001101100100 [ 00000101001101100100 ]
454 00000100001111110000 [ 00000100001111110000 ]
455 00000100001111100100 [ 00000100001111100100 ]
456 00000100001110111000 [ 00000100001110111000 ]
458 00000011100010011010 [ 00000011100010011010 ]
459 00000010110010011010 [ 00000010110010011010 ]
460 00000010101010011010 [ 00000010101010011010 ]
461 00000010011010110010 [ 00000010011010110010 ]
463 00000010011010011010 [ 00000010011010011010 ]
464 00000010010010111010 [ 00000010010010111010 ]
465 00000010010010110011 [ 00000010010010110011 ]
466 00000010010010011011 [ 00000010010010011011 ]
467 00000010001010111010 [ 00000010001010111010 ]
468 00000010001010110011 [ 00000010001010110011 ]
469 00000010001010011011 [ 00000010001010011011 ]
100 10001100001101100000 [ 10001100001101100000 01000010110010000011 ]
25 10101100011100000000 [ 10101100011100000000 01010111101000000000 ]
47 10101000010010011000 [ 10101000010010011000 01010010001010110000 ]
61 10011101001100000000 [ 10011101001100000000 01100110111000000000 ]
108 10001100000110011000 [ 10001100000110011000 01000011100010110000 ]
147 10001000010110011000 [ 10001000010110011000 01000010101010110000 ]
166 10000101001101000100 [ 10000101001101000100 01001110001010010000 ]
207 01001010110000010010 [ 01001010110000010010 00100100010010111000 ]
302 00101100011100010000 [ 00101100011100010000 00010111101000001000 ]
303 00101100011100000010 [ 00101100011100000010 00010111101000000100 ]
304 00101100010010011000 [ 00101100010010011000 00010011001010110000 ]
336 00100101001101000100 [ 00100101001101000100 00011110001010010000 ]
342 00100100011100000011 [ 00100100011100000011 00010111001001000100 ]
385 00001110011010010000 [ 00001110011010010000 00000101101101000100 ]
415 00001001100010011100 [ 00001001100010011100 00000110000111110000 ]
6 11001010010100000010 [ 11001010010100000010 00110011011000000010 ]
23 10101110010000000010 [ 10101110010000000010 01010010111000000010 ]
41 10101010010100000010 [ 10101010010100000010 01010011011000000010 ]
50 10100110010100000010 [ 10100110010100000010 01010011110000000010 ]
77 10001110010100000010 [ 10001110010100000010 00010011111000000010 ]
121 10001010010101000010 [ 10001010010101000010 00010011011000000110 ]
228 01000110101010000010 [ 01000110101010000010 00100110011100100000 ]
248 01000011111000000010 [ 01000011111000000010 00101110010100000010 ]
250 01000011110000001010 [ 01000011110000001010 00100110010100100010 ]
251 01000011110000000110 [ 01000011110000000110 00100110010101000010 ]
259 01000010111000001010 [ 01000010111000001010 00101110010000100010 ]
10 11001010010000000011 [ 11001010010000000011 00110010011000000011 ]
12 11001010000010010010 [ 11001010000010010010 01100110000010100010 ]
16 10111100011000000000 [ 10111100011000000000 01110101101000000000 ]
24 10101110001100000000 [ 10101110001100000000 01010110101100000000 ]
45 10101010010000000011 [ 10101010010000000011 01010010011000000011 ]
60 10011110001100000000 [ 10011110001100000000 01100110101100000000 ]
81 10001110001100010000 [ 10001110001100010000 01000110101100001000 ]
88 10001100011100100000 [ 10001100011100100000 00010101101100100000 ]
103 10001100001100110000 [ 10001100001100110000 00010101001100100100 ]
114 10001010100010011000 [ 10001010100010011000 01001110000010110000 ]
123 10001010010100000011 [ 10001010010100000011 00010011011000000011 ]
136 10001010000110110000 [ 10001010000110110000 00100110010010110000 ]
142 10001010000010010011 [ 10001010000010010011 00100110000010100011 ]
145 10001000100010111000 [ 10001000100010111000 01000110000010111000 ]
149 10001000010010111000 [ 10001000010010111000 01000010001010111000 ]
223 01001000100010111000 [ 01001000100010111000 00100110000010111000 ]
252 01000011110000000011 [ 01000011110000000011 00100110010100000011 ]
260 01000010111000000011 [ 01000010111000000011 00101110010000000011 ]
263 01000010110000001011 [ 01000010110000001011 00100110010000100011 ]
316 00100110011110000000 [ 00100110011110000000 00010111001101000000 ]
351 00011110011000000010 [ 00011110011000000010 00010110001010011000 ]
390 00001110001110010000 [ 00001110001110010000 00000111001101000100 ]
394 00001100010010111000 [ 00001100010010111000 00000010101010111000 ]
414 00001001100010111000 [ 00001001100010111000 00000110000110111000 ]
457 00000100000111111000 [ 00000100000111111000 00000001100010111100 ]
0 11101010010000000010 [ 11101010010000000010 01110010011000000010 ]
5 11001010011000000010 [ 11001010011000000010 00111010011000000010 ]
37 10101100001100100000 [ 10101100001100100000 00110101001100100000 ]
98 10001100001110100000 [ 10001100001110100000 00010101001110100000 ]
107 10001100000110110000 [ 10001100000110110000 00101100010010110000 ]
115 10001010011100000010 [ 10001010011100000010 00011011011000000010 ]
140 10001010000010110010 [ 10001010000010110010 00100110000010110010 ]
171 01101110010000000010 [ 01101110010000000010 01100010111000000010 ]
179 01100110010100000010 [ 01100110010100000010 01100011110000000010 ]
181 01100110010000100010 [ 01100110010000100010 01100010110000001010 ]
210 01001010100010010010 [ 01001010100010010010 01000110100010100010 ]
222 01001010000010010011 [ 01001010000010010011 01000110000010100011 ]
227 01000110101010100000 [ 01000110101010100000 00100110011010100000 ]
2 11001110001100000000 [ 11001110001100000000 11000110101100000000 ]
55 10100100011100100000 [ 10100100011100100000 00110100011100100000 ]
57 10100100001110100000 [ 10100100001110100000 00110100001110100000 ]
64 10011100001100100000 [ 10011100001100100000 10010101001100100000 ]
85 10001110000010110000 [ 10001110000010110000 00101110000010110000 ]
119 10001010011000000011 [ 10001010011000000011 00011010011000000011 ]
139 10001010000010111000 [ 10001010000010111000 01001010000010111000 ]
168 10000100001110110000 [ 10000100001110110000 00010100001110110000 ]
176 01101010010000000011 [ 01101010010000000011 01100010011000000011 ]
182 01100110010000000011 [ 01100110010000000011 01100010110000000011 ]
189 01100010010010100010 [ 01100010010010100010 01100010010010010010 ]
195 01010110001010100000 [ 01010110001010100000 00110110001010100000 ]
197 01010110001000100010 [ 01010110001000100010 00110110001000100010 ]
206 01001010111000000010 [ 01001010111000000010 01001010110010000010 ]
213 01001010011000000011 [ 01001010011000000011 00101010011000000011 ]
220 01001010000010110010 [ 01001010000010110010 01000110000010110010 ]
243 01000110001010010010 [ 01000110001010010010 01000110001010000011 ]
247 01000100100010111000 [ 01000100100010111000 00100100100010111000 ]
255 01000011100010011000 [ 01000011100010011000 01000010101010011000 ]
268 01000010100010100011 [ 01000010100010100011 01000010100010010011 ]
270 01000010011010100010 [ 01000010011010100010 01000010011010010010 ]
273 01000010010010100011 [ 01000010010010100011 01000010010010010011 ]
276 01000010001010100011 [ 01000010001010100011 01000010001010010011 ]
283 00111101011000000000 [ 00111101011000000000 00110101111000000000 ]
285 00110111011000000000 [ 00110111011000000000 00110101011100000000 ]
293 00110101011000000100 [ 00110101011000000100 00110101011000000010 ]
346 00100010011010100010 [ 00100010011010100010 00100010011010010010 ]
349 00100010010010100011 [ 00100010010010100011 00100010010010010011 ]
379 00010010011010100010 [ 00010010011010100010 00010010011010010010 ]
382 00010010001010100011 [ 00010010001010100011 00010010001010010011 ]
405 00001010010010111000 [ 00001010010010111000 00001010001010111000 ]
440 00000110001110010010 [ 00000110001110010010 00000110001110000011 ]
462 00000010011010100011 [ 00000010011010100011 00000010011010010011 ]
67 10010111001100000000 [ 10010111001100000000 01100110011100000000 00000010100010111010 ]
150 10001000010010110010 [ 10001000010010110010 01000001100010011100 00100100000111110000 ]
170 10000100000111110000 [ 10000100000111110000 00101000010010110010 00010001100010011100 ]
22 10101110011000000000 [ 10101110011000000000 01010101101100000000 00001110010010100010 ]
49 10100110011100000000 [ 10100110011100000000 01010111001100000000 00000110000010111010 ]
282 00111110011000000000 [ 00111110011000000000 00110101101100000000 00001010000010011011 ]
38 10101100001100010000 [ 10101100001100010000 01010110101000001000 00110101001100000100 ]
59 10100100001101000100 [ 10100100001101000100 01010110001010010000 01010110001000000011 ]
65 10011100001100010000 [ 10011100001100010000 10010101001100000100 01100110101000001000 ]
71 10010101001101000000 [ 10010101001101000000 01100110101000100000 01100110011010000000 ]
74 10010100001101000100 [ 10010100001101000100 01100110001010010000 01100110001000000011 ]
89 10001100011100010000 [ 10001100011100010000 01000111101000001000 00010101101100000100 ]
102 10001100001101000100 [ 10001100001101000100 01000110101010010000 01000110101000000011 ]
224 01000111101000100000 [ 01000111101000100000 00101110011010000000 00010101101101000000 ]
286 00110111001100000000 [ 00110111001100000000 00110110011100000000 00001010000010111010 ]
339 00100100011101000100 [ 00100100011101000100 00010111001010010000 00010111001000000011 ]
395 00001100010010110010 [ 00001100010010110010 00001100000111110000 00000011100010011100 ]
420 00001000010010110011 [ 00001000010010110011 00000100000111110100 00000001100011011100 ]
27 10101100011000010000 [ 10101100011000010000 01010101101000001000 00110101101000100000 ]
28 10101100011000000010 [ 10101100011000000010 01010101101000000100 00111100011000100000 ]
192 01010110101000100000 [ 01010110101000100000 00110110011010000000 00110101001101000000 ]
26 10101100011000100000 [ 10101100011000100000 00111100011000000010 00110101101000000100 ]
198 01010101101000100000 [ 01010101101000100000 00111100011000010000 00110101101000001000 ]
280 01000010000010011011 [ 01000010000010011011 00010110011000100010 00010110001000100011 ]
290 00110110001010010000 [ 00110110001010010000 00110110001000000011 00110100001101000100 ]
327 00100110001110010000 [ 00100110001110010000 00100110001100000011 00010110001101000100 ]
330 00100110001101000100 [ 00100110001101000100 00010110001110010000 00010110001100000011 ]
51 10100110001110000000 [ 10100110001110000000 10100110001100000010 01010110001101000000 ]
52 10100110001101000000 [ 10100110001101000000 01010110001110000000 01010110001100000010 ]
68 10010110001110000000 [ 10010110001110000000 10010110001100000010 01100110001101000000 ]
69 10010110001101000000 [ 10010110001101000000 01100110001110000000 01100110001100000010 ]
79 10001110001101000000 [ 10001110001101000000 01000110101110000000 01000110101100000010 ]
99 10001100001110010000 [ 10001100001110010000 10001100001100011000 01000110101000011000 ]
126 10001010010010011000 [ 10001010010010011000 10001000110010011000 01001010001010110000 ]
132 10001010001010110000 [ 10001010001010110000 01001010010010011000 01001000110010011000 ]
281 01000001100010111000 [ 01000001100010111000 00100100001010111000 00100100000110111000 ]
309 00101010010010011000 [ 00101010010010011000 00101000110010011000 00011010001010110000 ]
352 00011100001010110000 [ 00011100001010110000 00010011100010011000 00010010101010011000 ]
397 00001100001010111000 [ 00001100001010111000 00001100000110111000 00000011100010111000 ]
97 10001100010010110000 [ 10001100010010110000 00101100001010110000 00101100000110110000 ]
146 10001000010110110000 [ 10001000010110110000 00100100011010110000 00100100010110110000 ]
372 00010101001010110000 [ 00010101001010110000 00010011001010011000 00010001101010011000 ]
399 00001010011010110000 [ 00001010011010110000 00001010011010011000 00001001110010011000 ]
13 11000110001110000000 [ 11000110001110000000 11000110001101000000 11000110001100000010 ]
203 01010010001010100010 [ 01010010001010100010 01010010001010010010 01010010001010000011 ]
254 01000011100010100010 [ 01000011100010100010 01000011100010010010 01000011100010000011 ]
264 01000010101010100010 [ 01000010101010100010 01000010101010010010 01000010101010000011 ]
288 00110110001110000000 [ 00110110001110000000 00110110001101000000 00110110001100000010 ]
377 00010011001010100010 [ 00010011001010100010 00010011001010010010 00010011001010000011 ]
452 00000101100010111000 [ 00000101100010111000 00000100101010111000 00000100100110111000 ]
19 10110100011100000000 [ 10110100011100000000 01110111001000000000 00001110000010110010 00001010110010011000 ]
154 10001000000111010100 [ 10001000000111010100 10001000000101011100 01000010100000011011 00100100010010100011 ]
90 10001100011100000010 [ 10001100011100000010 01000111101000000100 00101110011000010000 00010101101100001000 ]
36 10101100001101000000 [ 10101100001101000000 01010110101010000000 01010110101000000010 00110110011000100000 ]
63 10011100001101000000 [ 10011100001101000000 01100110101010000000 01100110101000000010 01100110011000100000 ]
87 10001100011101000000 [ 10001100011101000000 01000111101010000000 01000111101000000010 00101110011000100000 ]
124 10001010010010110000 [ 10001010010010110000 01001010001010011000 01001001100010011000 00100110000110110000 ]
164 10000110000110110000 [ 10000110000110110000 00101010010010110000 00011010001010011000 00011001100010011000 ]
284 00111100011100000000 [ 00111100011100000000 00110111101000000000 00001010000010110011 00000110000010110011 ]
1 11100110001100000000 [ 11100110001100000000 11010110001100000000 00001100100010111000 00000110100010111000 ]
18 10110110001100000000 [ 10110110001100000000 01110110001100000000 00001110000010111000 00001010100010111000 ]
39 10101100000010110000 [ 10101100000010110000 00001100011010110000 00001100010110110000 00000011101010011000 ]
54 10100100011101000000 [ 10100100011101000000 01010111001010000000 01010111001000000010 00110111001000100000 ]
78 10001110001110000000 [ 10001110001110000000 10001110001100000010 01000110101101000000 00100110010010010010 ]
133 10001010001010011000 [ 10001010001010011000 10001001100010011000 01001010010010110000 01000110000110110000 ]
300 00101100011101000000 [ 00101100011101000000 00010111101010000000 00010111101000100000 00010111101000000010 ]
191 01010111001000100000 [ 01010111001000100000 00110111001010000000 00110111001000000010 00110100011101000000 ]
314 00101000010010111000 [ 00101000010010111000 00100110001010010010 00100110001010000011 00010010001010111000 ]
340 00100100011101000010 [ 00100100011101000010 00010111001010000100 00010111001000100100 00010111001000000110 ]
20 10110100001101000000 [ 10110100001101000000 01110110001010000000 01110110001000100000 01110110001000000010 ]
56 10100100011100000010 [ 10100100011100000010 01010111001000000100 00110111001000000100 00110100011100000010 ]
278 01000010000010111010 [ 01000010000010111010 00010110011010000010 00010110001010010010 00010110001010000011 ]
11 11001010000010110000 [ 11001010000010110000 11001010000010011000 11001000100010011000 01100110000010110000 ]
137 10001010000110011000 [ 10001010000110011000 10001000100110011000 01001010100010110000 01000110100010110000 ]
435 00000110001111010000 [ 00000110001111010000 00000110001111000100 00000110001101000110 00000110001101000011 ]
157 10000110001111000000 [ 10000110001111000000 10000110001101000010 01000110001111000000 01000110001101000010 ]
325 00100110001111000000 [ 00100110001111000000 00100110001101000010 00010110001111000000 00010110001101000010 ]
144 10001000110000011010 [ 10001000110000011010 10000101000101100100 01001001100000011100 00100110000111100000 00010001100101001100 ]
163 10000110000111100000 [ 10000110000111100000 01000001100101001100 00101000110000011010 00100101000101100100 00011001100000011100 ]
62 10011100011100000000 [ 10011100011100000000 10010101101100000000 01101110011000000000 01100111101000000000 00000010100010011011 ]
75 10001110011100000000 [ 10001110011100000000 10001000000111110000 01001010110000001010 01000111101100000000 00100100010010110010 ]
94 10001100010101010000 [ 10001100010101010000 01000011101010001000 01000011101000001010 00101100011000100010 00101100010100100010 ]
96 10001100010100100010 [ 10001100010100100010 00101100010101010000 00010101101000101000 00010011101010001000 00010011101000001010 ]
143 10001001100000011100 [ 10001001100000011100 10000001100101001100 01001000110000011010 01000110000111100000 00010101000101100100 ]
17 10111100001100000000 [ 10111100001100000000 10110101001100000000 01110110101000000000 01110110011000000000 00001010100010011010 ]
46 10101000010010110000 [ 10101000010010110000 10100100000110110000 01010010001010011000 01010001100010011000 00110100001010110000 ]
82 10001110001010010000 [ 10001110001010010000 00001001110000011100 00001001110000011010 00000101100101100100 00000101100101001100 ]
135 10001010000111010000 [ 10001010000111010000 10001001000101010100 10001000100101011000 01001010100000011010 01000110100010101000 ]
261 01000010110010100010 [ 01000010110010100010 01000010110010010010 00100110011101000000 00010111001110000000 00010111001100000010 ]
416 00001001100001011100 [ 00001001100001011100 00001000110000011011 00000110000111100100 00000101000111100100 00000001100101011100 ]
34 10101100010000010010 [ 10101100010000010010 10101100000101100000 10101000010100010010 10100100010101100000 01010011100000001100 01010001101000001100 ]
40 10101010011000000010 [ 10101010011000000010 01011010011000000010 00001110010010110000 00001110000110110000 00001011100010011000 00001010101010011000 ]
109 10001100000101110000 [ 10001100000101110000 10001000010101010010 01000011100010001100 01000011100000001110 00101100010000110010 00100100010101100010 ]
116 10001010011010010000 [ 10001010011010010000 10001001110000011000 10000101100101000100 01001010011010010000 01001001110000011000 00010101100101000100 ]
131 10001010001110010000 [ 10001010001110010000 10001001100101000100 10001001100100011000 01001010110010010000 01001010110000011000 01000110100110100000 ]
246 01000101100101000100 [ 01000101100101000100 00101010011010010000 00101001110000011000 00100101100101000100 00011010011010010000 00011001110000011000 ]
105 10001100000111100000 [ 10001100000111100000 10001000010100010011 01000011100001001100 00101100010010010010 00101100010000011010 00100100010101100100 00010001101000011100 ]
110 10001100000101100100 [ 10001100000101100100 10001000010110010010 10001000010100011010 01000011100000011100 00101100010000010011 00100100010111100000 00010001101001001100 ]
7 11001010010010010000 [ 11001010010010010000 11001010001010010000 11001001100000011000 11001000110000011000 10010101000101000100 10010001100101000100 01100110000110100000 ]
15 11000110000110100000 [ 11000110000110100000 11000001100101000100 10011010001010010000 10011001100000011000 01101010010010010000 01101000110000011000 00110101000101000100 ]
42 10101010010010010000 [ 10101010010010010000 10101000110000011000 10100110000110100000 10100101000101000100 01011010001010010000 01011001100000011000 01010001100101000100 ]
48 10101000010010010010 [ 10101000010010010010 10101000010000011010 10101000010000010011 10100100000111100000 10100100000101100100 01010001100001001100 01010001100000011100 ]
83 10001110000110100000 [ 10001110000110100000 01000011100101000100 00101110010010010000 00101100110000011000 00100101010101000100 00011011001010010000 00011001101000011000 ]
86 10001101000101000100 [ 10001101000101000100 10001010010110010000 10001000110100011000 01001011100000011000 01001010101010010000 00100110010110100000 00010001101101000100 ]
159 10000110001110010000 [ 10000110001110010000 10000110001100000011 10000100000110111000 01000110001101000100 00100110001010011000 00010100001010111000 00010001100010111000 ]
29 10101100010101000000 [ 10101100010101000000 10101100010100100000 10101100010100010000 10101100010100000010 01010011101010000000 01010011101000001000 01010011101000000100 01010011101000000010 ]
4 11001010100010010000 [ 11001010100010010000 11001010100000011000 11001010000110010000 11001000100100011000 10011001000101000100 10010001001101000100 01100110100010100000 01100110010010100000 ]
84 10001110000110010000 [ 10001110000110010000 10001100100100011000 10001001010101000100 01001011100010010000 01001010101000011000 01000111100010100000 00101110010010100000 00010011001101000100 ]
93 10001100010101100000 [ 10001100010101100000 10001100010100010010 01000011101000001100 00101100011000010010 00101100010101100000 00101100010100010010 00010101101000001100 00010011101000001100 ]
112 10001100000100111000 [ 10001100000100111000 10001000010101000110 01000011100010100100 01000011100010010100 01000011100000000111 00100100010101000011 00010101001001100100 00010011001011000100 00010011001001000110 ]
148 10001000010101000011 [ 10001000010101000011 01000011100011000100 01000011100001000110 00101100010000111000 00100100010101000110 00010101001010100100 00010011001010100100 00010011001010010100 00010011001000000111 ]
101 10001100001101010000 [ 10001100001101010000 01000110101010001000 01000110101000001010 01000010110010001010 01000010100010101010 01000010100010001011 00101110011100000000 00010111101100000000 00000010000010111011 ]
106 10001100000111010000 [ 10001100000111010000 10001100000101011000 10001000010101010100 01000011100010101000 01000011100000001011 01000010101000011010 00101100010010100010 00100100011000100011 00100100010100100011 ]
111 10001100000101010100 [ 10001100000101010100 10001000010111010000 10001000010101011000 01000011100000011010 01000010101010101000 01000010101000001011 00101100010000100011 00100100011010100010 00100100010110100010 ]
32 10101100010000110000 [ 10101100010000110000 10101100000100110000 10101000010101000010 10100100010101000010 01010011100010000100 01010011100000000110 01010011001010000100 01010011001000000110 00110101001000100100 ]
33 10101100010000100010 [ 10101100010000100010 10101100000101010000 10101000010101010000 10100100010100100010 01010011100010001000 01010011100000001010 01010010101010001000 01010010101000001010 00110100011000100010 ]
95 10001100010101000010 [ 10001100010101000010 10001100010100110000 01000011101010000100 01000011101000000110 00101100011000110000 00101100010101000010 00101100010100110000 00010101101000100100 00010011101010000100 00010011101000000110 ]
31 10101100010010010000 [ 10101100010010010000 10101100010000011000 10101100000110100000 10101000010100000011 10100100010101000100 01010011100001000100 01010011001010100000 01010011001010010000 01010011001000000011 01010001101000011000 00110101001010100000 ]
35 10101100010000000011 [ 10101100010000000011 10101100000101000100 10101000010110010000 10101000010100011000 10100100010110100000 01010011100000011000 01010010101010100000 01010010101010010000 01010010101000000011 01010001101001000100 00110100011010100000 ]
152 10001000010010010011 [ 10001000010010010011 10001000010000011011 10000110001101000100 10000100000111100100 01000110001110010000 01000110001100000011 01000001100001011100 00101000010010010011 00101000010000011011 00100100000111100100 00010001100001011100 ]
30 10101100010010100000 [ 10101100010010100000 10101100000110010000 10101100000100011000 10101000010101000100 10100100010100000011 01010011100010100000 01010011100010010000 01010011100000000011 01010011001001000100 01010010101000011000 00110101001001000100 00110100011000000011 ]
92 10001100010110010000 [ 10001100010110010000 10001100010101000100 10001100010100011000 01000011101010100000 01000011101010010000 01000011101000011000 01000011101000000011 00101100011010100000 00101100011000000011 00101100010110100000 00101100010100000011 00010101101001000100 00010011101001000100 ]
91 10001100010110100000 [ 10001100010110100000 10001100010100000011 01000011101001000100 00101100011010010000 00101100011000011000 00101100010110010000 00101100010101000100 00101100010100011000 00010101101010100000 00010101101000011000 00010011101010100000 00010011101010010000 00010011101000011000 00010011101000000011 ]
