identifiant liste_combi 
20 10010100001100100000 [ 10010100001100100000 ]
38 10001010010010000010 [ 10001010010010000010 ]
39 10001010010000010010 [ 10001010010000010010 ]
56 10000100001101100000 [ 10000100001101100000 ]
59 01100010010010000010 [ 01100010010010000010 ]
60 01100010010000000011 [ 01100010010000000011 ]
62 01010010001010000010 [ 01010010001010000010 ]
64 01001010010010000010 [ 01001010010010000010 ]
65 01001010010000010010 [ 01001010010000010010 ]
69 01000110011000000010 [ 01000110011000000010 ]
72 01000110001010000010 [ 01000110001010000010 ]
75 01000011100010000010 [ 01000011100010000010 ]
77 01000010101010000010 [ 01000010101010000010 ]
80 01000010011010000010 [ 01000010011010000010 ]
83 01000010010010000011 [ 01000010010010000011 ]
89 00110101011000000000 [ 00110101011000000000 ]
90 00101010010010000010 [ 00101010010010000010 ]
91 00101010010000010010 [ 00101010010000010010 ]
92 00100110010010000010 [ 00100110010010000010 ]
94 00100110001100100000 [ 00100110001100100000 ]
96 00100100011100100000 [ 00100100011100100000 ]
97 00100100001101100000 [ 00100100001101100000 ]
98 00100010011010000010 [ 00100010011010000010 ]
100 00100010010010000011 [ 00100010010010000011 ]
101 00010110001100100000 [ 00010110001100100000 ]
102 00010110001010100000 [ 00010110001010100000 ]
103 00010011001010000010 [ 00010011001010000010 ]
104 00010010011010000010 [ 00010010011010000010 ]
105 00001110011000000010 [ 00001110011000000010 ]
108 00001010011010000010 [ 00001010011010000010 ]
109 00001010011000010010 [ 00001010011000010010 ]
110 00001010011000000011 [ 00001010011000000011 ]
112 00001010010010100010 [ 00001010010010100010 ]
114 00001010010010010010 [ 00001010010010010010 ]
115 00001010010010000011 [ 00001010010010000011 ]
116 00001010010000011010 [ 00001010010000011010 ]
117 00001010010000010011 [ 00001010010000010011 ]
118 00001010001010010010 [ 00001010001010010010 ]
122 00001000010010011010 [ 00001000010010011010 ]
124 00000110011100000010 [ 00000110011100000010 ]
125 00000110011010000010 [ 00000110011010000010 ]
126 00000110011000100010 [ 00000110011000100010 ]
127 00000110011000000011 [ 00000110011000000011 ]
128 00000110010010100010 [ 00000110010010100010 ]
130 00000110001110100000 [ 00000110001110100000 ]
132 00000110001110000010 [ 00000110001110000010 ]
133 00000110001101100000 [ 00000110001101100000 ]
134 00000110001100100010 [ 00000110001100100010 ]
135 00000110001010110000 [ 00000110001010110000 ]
136 00000110001010100010 [ 00000110001010100010 ]
137 00000110001010011000 [ 00000110001010011000 ]
139 00000110001000100011 [ 00000110001000100011 ]
140 00000110000110100010 [ 00000110000110100010 ]
141 00000100001111100000 [ 00000100001111100000 ]
142 00000100001110110000 [ 00000100001110110000 ]
143 00000100001101100100 [ 00000100001101100100 ]
146 00000010011010000011 [ 00000010011010000011 ]
147 00000010010010110010 [ 00000010010010110010 ]
149 00000010010010011010 [ 00000010010010011010 ]
150 00000010001010110010 [ 00000010001010110010 ]
152 00000010001010011010 [ 00000010001010011010 ]
5 10101100010100000000 [ 10101100010100000000 01010011101000000000 ]
2 11000110001100000000 [ 11000110001100000000 00000100100010111000 ]
78 01000010100010011000 [ 01000010100010011000 00100110011000000010 ]
88 00110110001100000000 [ 00110110001100000000 00001010000010111000 ]
47 10001000010010011000 [ 10001000010010011000 01000010001010110000 ]
50 10001000000110011000 [ 10001000000110011000 01000010100010110000 ]
106 00001110001010010000 [ 00001110001010010000 00000101001101000100 ]
0 11001010010000000010 [ 11001010010000000010 00110010011000000010 ]
10 10101010010000000010 [ 10101010010000000010 01010010011000000010 ]
36 10001010010100000010 [ 10001010010100000010 00010011011000000010 ]
45 10001010000010010010 [ 10001010000010010010 00100110000010100010 ]
74 01000011110000000010 [ 01000011110000000010 00100110010100000010 ]
76 01000010111000000010 [ 01000010111000000010 00101110010000000010 ]
85 01000010000010110010 [ 01000010000010110010 00010110001010000010 ]
40 10001010010000000011 [ 10001010010000000011 00010010011000000011 ]
53 10000110001100100000 [ 10000110001100100000 00010100001101100000 ]
66 01001010010000000011 [ 01001010010000000011 00100010011000000011 ]
67 01001010000010010010 [ 01001010000010010010 01000110000010100010 ]
81 01000010011000000011 [ 01000010011000000011 00101010010000000011 ]
120 00001000010010111000 [ 00001000010010111000 00000010001010111000 ]
16 10100100001100100000 [ 10100100001100100000 00110100001100100000 ]
34 10001100000010110000 [ 10001100000010110000 00101100000010110000 ]
35 10001010011000000010 [ 10001010011000000010 00011010011000000010 ]
55 10000100001110100000 [ 10000100001110100000 00010100001110100000 ]
57 01101010010000000010 [ 01101010010000000010 01100010011000000010 ]
58 01100110010000000010 [ 01100110010000000010 01100010110000000010 ]
63 01001010011000000010 [ 01001010011000000010 00101010011000000010 ]
71 01000110001010100000 [ 01000110001010100000 00100110001010100000 ]
73 01000110001000100010 [ 01000110001000100010 00100110001000100010 ]
82 01000010010010100010 [ 01000010010010100010 01000010010010010010 ]
99 00100010010010100010 [ 00100010010010100010 00100010010010010010 ]
129 00000110001111000000 [ 00000110001111000000 00000110001101000010 ]
138 00000110001010010010 [ 00000110001010010010 00000110001010000011 ]
145 00000010011010100010 [ 00000010011010100010 00000010011010010010 ]
148 00000010010010100011 [ 00000010010010100011 00000010010010010011 ]
151 00000010001010100011 [ 00000010001010100011 00000010001010010011 ]
12 10101000010000010010 [ 10101000010000010010 10100100000101100000 01010001100000001100 ]
27 10001100001100010000 [ 10001100001100010000 01000110101000001000 00010101001100000100 ]
68 01000110101000100000 [ 01000110101000100000 00100110011010000000 00010101001101000000 ]
121 00001000010010110010 [ 00001000010010110010 00000100000111110000 00000001100010011100 ]
131 00000110001110010000 [ 00000110001110010000 00000110001101000100 00000110001100000011 ]
93 00100110001110000000 [ 00100110001110000000 00100110001100000010 00010110001101000000 ]
113 00001010010010011000 [ 00001010010010011000 00001010001010110000 00001000110010011000 ]
144 00000100001010111000 [ 00000100001010111000 00000100000110111000 00000001100010111000 ]
26 10001100001100100000 [ 10001100001100100000 01000010110000000011 00100110010000000011 00010101001100100000 ]
3 10110100001100000000 [ 10110100001100000000 01110110001000000000 00001110000010110000 00001010100010011000 ]
13 10100110001100000000 [ 10100110001100000000 01010110001100000000 00001000100010111000 00000110000010111000 ]
18 10010110001100000000 [ 10010110001100000000 01100110001100000000 00001100000010111000 00000010100010111000 ]
70 01000110001100100000 [ 01000110001100100000 00101000010010011000 00100110001010000010 00010010001010110000 ]
123 00001000010010010011 [ 00001000010010010011 00001000010000011011 00000100000111100100 00000001100001011100 ]
15 10100100001101000000 [ 10100100001101000000 01010110001010000000 01010110001000000010 00110110001000100000 ]
19 10010100001101000000 [ 10010100001101000000 01100110001010000000 01100110001000100000 01100110001000000010 ]
95 00100100011101000000 [ 00100100011101000000 00010111001010000000 00010111001000100000 00010111001000000010 ]
111 00001010010010110000 [ 00001010010010110000 00001010001010011000 00001001100010011000 00000110000110110000 ]
43 10001010000010110000 [ 10001010000010110000 01001010000010011000 01001000100010011000 00100110000010110000 ]
61 01010110001000100000 [ 01010110001000100000 00110110001010000000 00110110001000000010 00110100001101000000 ]
84 01000010001010100010 [ 01000010001010100010 01000010001010010010 01000010001010000011 00100100001110100000 ]
44 10001010000010011000 [ 10001010000010011000 10001000100010011000 01001010000010110000 01000110000010110000 ]
9 10101100001100000000 [ 10101100001100000000 01010110101000000000 00110110011000000000 00110101001100000000 00001010000010011010 ]
17 10011100001100000000 [ 10011100001100000000 10010101001100000000 01100110101000000000 01100110011000000000 00000010100010011010 ]
46 10001000010010110000 [ 10001000010010110000 01000010001010011000 01000001100010011000 00100100001010110000 00100100000110110000 ]
87 01000010000010011010 [ 01000010000010011010 00100100001101000100 00010110011000000010 00010110001010010000 00010110001000000011 ]
21 10001110001100000000 [ 10001110001100000000 10001000000110110000 01001010110000000010 01000110101100000000 00100100010010110000 ]
119 00001001100000011100 [ 00001001100000011100 00001000110000011010 00000110000111100000 00000101000101100100 00000001100101001100 ]
51 10001000000010111000 [ 10001000000010111000 01000010000010111000 00010010001010100010 00010010001010010010 00010010001010000011 ]
107 00001100010010110000 [ 00001100010010110000 00001100001010110000 00001100000110110000 00000011100010011000 00000010101010011000 ]
30 10001100000101100000 [ 10001100000101100000 10001000010100010010 01000011100000001100 00101100010000010010 00100100010101100000 00010001101000001100 ]
79 01000010100010001010 [ 01000010100010001010 00101100011100000000 00100100011100000010 00010111101000000000 00010111001000000100 00000010000010110011 ]
4 10101100011000000000 [ 10101100011000000000 01010101101000000000 00111100011000000000 00110101101000000000 00001010000010010011 00000110000010100011 ]
14 10100100011100000000 [ 10100100011100000000 01010111001000000000 00110111001000000000 00110100011100000000 00001010000010110010 00000110000010110010 ]
86 01000010000010100011 [ 01000010000010100011 01000010000010010011 00100110001101000000 00010110001110000000 00010110001100000010 00010110001000100010 ]
1 11001010000010010000 [ 11001010000010010000 11001000100000011000 10010001000101000100 01100110000010100000 00001010011010010000 00001001110000011000 00000101100101000100 ]
37 10001010010010010000 [ 10001010010010010000 10001000110000011000 10000101000101000100 01001010001010010000 01001001100000011000 00100110000110100000 00010001100101000100 ]
54 10000110000110100000 [ 10000110000110100000 01000001100101000100 00101010010010010000 00101000110000011000 00100101000101000100 00011010001010010000 00011001100000011000 ]
41 10001010001010010000 [ 10001010001010010000 10001001100000011000 10000001100101000100 01001010010010010000 01001000110000011000 01000110000110100000 00010101000101000100 ]
42 10001010000110010000 [ 10001010000110010000 10001001000101000100 10001000100100011000 01001010100010010000 01001010100000011000 01000110100010100000 00100110010010100000 00010001001101000100 ]
7 10101100010000010000 [ 10101100010000010000 10101100000100100000 10101000010100000010 10100100010101000000 01010011100000000100 01010011001010000000 01010011001000000010 01010001101000001000 00110101001000100000 ]
8 10101100010000000010 [ 10101100010000000010 10101100000101000000 10101000010100010000 10100100010100100000 01010011100000001000 01010010101010000000 01010010101000000010 01010001101000000100 00110100011000100000 ]
33 10001100000100110000 [ 10001100000100110000 10001000010101000010 01000011100010000100 01000011100000000110 00101100010000110000 00100100010101000010 00010101001000100100 00010011001010000100 00010011001000000110 ]
31 10001100000101010000 [ 10001100000101010000 10001000010101010000 01000011100010001000 01000011100000001010 01000010101010001000 01000010101000001010 00101100010000100010 00100100011000100010 00100100010100100010 ]
48 10001000010010010010 [ 10001000010010010010 10001000010000011010 10000100001101000100 10000100000101100100 01000110001010010000 01000110001000000011 01000001100000011100 00101000010000010011 00100100000111100000 00010001100001001100 ]
49 10001000010000010011 [ 10001000010000010011 10000110001101000000 10000100000111100000 01000110001110000000 01000110001100000010 01000001100001001100 00101000010010010010 00101000010000011010 00100100000101100100 00010001100000011100 ]
6 10101100010000100000 [ 10101100010000100000 10101100000100010000 10101000010101000000 10100100010100000010 01010011100010000000 01010011100000000010 01010011001000000100 01010010101000001000 00110101001000000100 00110100011000000010 ]
11 10101000010010010000 [ 10101000010010010000 10101000010000011000 10101000010000000011 10100100000110100000 10100100000101000100 01010010001010100000 01010010001010010000 01010010001000000011 01010001100001000100 01010001100000011000 00110100001010100000 ]
28 10001100000110100000 [ 10001100000110100000 10001000010100000011 01000011100001000100 00101100010010010000 00101100010000011000 00100100010101000100 00010101001010100000 00010011001010100000 00010011001010010000 00010011001000000011 00010001101000011000 ]
32 10001100000101000100 [ 10001100000101000100 10001000010110010000 10001000010100011000 01000011100000011000 01000010101010100000 01000010101010010000 01000010101000000011 00101100010000000011 00100100011010100000 00100100010110100000 00010001101001000100 ]
23 10001100010101000000 [ 10001100010101000000 10001100010100010000 01000011101010000000 01000011101000001000 01000011101000000010 00101100011000100000 00101100011000000010 00101100010100100000 00101100010100000010 00010101101000000100 00010011101000000100 ]
24 10001100010100100000 [ 10001100010100100000 10001100010100000010 01000011101000000100 00101100011000010000 00101100010101000000 00101100010100010000 00010101101000100000 00010101101000001000 00010011101010000000 00010011101000001000 00010011101000000010 ]
25 10001100001101000000 [ 10001100001101000000 01000110101010000000 01000110101000000010 01000010110010000010 01000010100010100010 01000010100010010010 01000010100010000011 00100110011100000000 00100110011000100000 00010111001100000000 00000010000010111010 ]
29 10001100000110010000 [ 10001100000110010000 10001100000100011000 10001000010101000100 01000011100010100000 01000011100010010000 01000011100000000011 01000010101000011000 00101100010010100000 00100100011000000011 00100100010100000011 00010101001001000100 00010011001001000100 ]
52 10000110001110000000 [ 10000110001110000000 10000110001100000010 10000100000110110000 01000110001101000000 01000000100010111000 00101000010010110000 00100110001010010000 00100110001000000011 00100100000010111000 00010100001101000100 00010100001010110000 00010010001010011000 00010001100010011000 ]
22 10001100011100000000 [ 10001100011100000000 10001000000111010000 10001000000101011000 10001000000101010100 01000111101000000000 01000010110000001010 01000010100010101000 01000010100000011010 01000010100000001011 00101110011000000000 00100110010000100010 00100100010010100010 00100100010000100011 00010101101100000000 00000010000010011011 ]
