ordonne nbOccur taux indice
1 1 1.0 20
2 1 1.0 38
3 1 1.0 39
4 1 1.0 56
5 1 1.0 59
6 1 1.0 60
7 1 1.0 62
8 1 1.0 64
9 1 1.0 65
10 1 1.0 69
11 1 1.0 72
12 1 1.0 75
13 1 1.0 77
14 1 1.0 80
15 1 1.0 83
16 1 1.0 89
17 1 1.0 90
18 1 1.0 91
19 1 1.0 92
20 1 1.0 94
21 1 1.0 96
22 1 1.0 97
23 1 1.0 98
24 1 1.0 100
25 1 1.0 101
26 1 1.0 102
27 1 1.0 103
28 1 1.0 104
29 1 1.0 105
30 1 1.0 108
31 1 1.0 109
32 1 1.0 110
33 1 1.0 112
34 1 1.0 114
35 1 1.0 115
36 1 1.0 116
37 1 1.0 117
38 1 1.0 118
39 1 1.0 122
40 1 1.0 124
41 1 1.0 125
42 1 1.0 126
43 1 1.0 127
44 1 1.0 128
45 1 1.0 130
46 1 1.0 132
47 1 1.0 133
48 1 1.0 134
49 1 1.0 135
50 1 1.0 136
51 1 1.0 137
52 1 1.0 139
53 1 1.0 140
54 1 1.0 141
55 1 1.0 142
56 1 1.0 143
57 1 1.0 146
58 1 1.0 147
59 1 1.0 149
60 1 1.0 150
61 1 1.0 152
62 2 1.0 5
63 2 1.0909090909090908 2
64 2 1.0909090909090908 78
65 2 1.0909090909090908 88
66 2 1.2 47
67 2 1.2 50
68 2 1.2 106
69 2 1.3333333333333333 0
70 2 1.3333333333333333 10
71 2 1.3333333333333333 36
72 2 1.3333333333333333 45
73 2 1.3333333333333333 74
74 2 1.3333333333333333 76
75 2 1.3333333333333333 85
76 2 1.5 40
77 2 1.5 53
78 2 1.5 66
79 2 1.5 67
80 2 1.5 81
81 2 1.5 120
82 2 1.7142857142857142 16
83 2 1.7142857142857142 34
84 2 1.7142857142857142 35
85 2 1.7142857142857142 55
86 2 1.7142857142857142 57
87 2 1.7142857142857142 58
88 2 1.7142857142857142 63
89 2 1.7142857142857142 71
90 2 1.7142857142857142 73
91 2 1.7142857142857142 82
92 2 1.7142857142857142 99
93 2 1.7142857142857142 129
94 2 1.7142857142857142 138
95 2 1.7142857142857142 145
96 2 1.7142857142857142 148
97 2 1.7142857142857142 151
98 3 1.125 12
99 3 1.3846153846153846 27
100 3 1.3846153846153846 68
101 3 1.3846153846153846 121
102 3 1.8 131
103 3 2.0 93
104 3 2.0 113
105 3 2.0 144
106 4 1.6 26
107 4 1.7142857142857142 3
108 4 1.7142857142857142 13
109 4 1.7142857142857142 18
110 4 1.7142857142857142 70
111 4 1.7142857142857142 123
112 4 2.0 15
113 4 2.0 19
114 4 2.0 95
115 4 2.0 111
116 4 2.1818181818181817 43
117 4 2.1818181818181817 61
118 4 2.1818181818181817 84
119 4 2.4 44
120 5 1.875 9
121 5 1.875 17
122 5 2.0 46
123 5 2.0 87
124 5 2.142857142857143 21
125 5 2.142857142857143 119
126 5 2.5 51
127 5 2.5 107
128 6 2.0 30
129 6 2.0 79
130 6 2.25 4
131 6 2.4 14
132 6 2.769230769230769 86
133 7 2.3333333333333335 1
134 7 2.3333333333333335 37
135 7 2.3333333333333335 54
136 7 2.4705882352941178 41
137 8 2.6666666666666665 42
138 9 2.8421052631578947 7
139 9 2.8421052631578947 8
140 9 3.0 33
141 9 3.176470588235294 31
142 10 3.0 48
143 10 3.0 49
144 10 3.1578947368421053 6
145 11 3.3 11
146 11 3.3 28
147 11 3.3 32
148 11 3.473684210526316 23
149 11 3.473684210526316 24
150 11 3.473684210526316 25
151 12 3.6 29
152 13 3.9 52
153 15 4.5 22
