identifiant liste_combi 
9 10101000010000010010 [ 10101000010000010010 ]
13 10001010010010000010 [ 10001010010010000010 ]
14 10001010010000010010 [ 10001010010000010010 ]
23 10001000010101010000 [ 10001000010101010000 ]
36 01110110001000000000 [ 01110110001000000000 ]
41 01100010010010000010 [ 01100010010010000010 ]
42 01100010010000000110 [ 01100010010000000110 ]
46 01010011101000000000 [ 01010011101000000000 ]
47 01010010001010000010 [ 01010010001010000010 ]
49 01001010010010000010 [ 01001010010010000010 ]
50 01001010010000010010 [ 01001010010000010010 ]
54 01000110011000000010 [ 01000110011000000010 ]
55 01000110001010000010 [ 01000110001010000010 ]
56 01000011110000000010 [ 01000011110000000010 ]
59 01000011100010000010 [ 01000011100010000010 ]
64 01000010101010000010 [ 01000010101010000010 ]
65 01000010011010000010 [ 01000010011010000010 ]
68 01000010010010000110 [ 01000010010010000110 ]
74 00101010010010000010 [ 00101010010010000010 ]
75 00101010010000010010 [ 00101010010000010010 ]
78 00100110011010000000 [ 00100110011010000000 ]
79 00100110011000000010 [ 00100110011000000010 ]
80 00100110010010000010 [ 00100110010010000010 ]
81 00100010011010000010 [ 00100010011010000010 ]
83 00100010010010000110 [ 00100010010010000110 ]
86 00010011010000000110 [ 00010011010000000110 ]
87 00010011001010000010 [ 00010011001010000010 ]
88 00010010011010000010 [ 00010010011010000010 ]
89 00001110011000000010 [ 00001110011000000010 ]
92 00001010011010000010 [ 00001010011010000010 ]
93 00001010011000010010 [ 00001010011000010010 ]
94 00001010011000000110 [ 00001010011000000110 ]
96 00001010010010100010 [ 00001010010010100010 ]
98 00001010010010010010 [ 00001010010010010010 ]
99 00001010010010000110 [ 00001010010010000110 ]
100 00001010010000011010 [ 00001010010000011010 ]
101 00001010010000010110 [ 00001010010000010110 ]
103 00001010000010111000 [ 00001010000010111000 ]
104 00001001010000010110 [ 00001001010000010110 ]
106 00001000010010110010 [ 00001000010010110010 ]
107 00001000010010011010 [ 00001000010010011010 ]
109 00000110011010000010 [ 00000110011010000010 ]
110 00000110011000000110 [ 00000110011000000110 ]
111 00000110001010110000 [ 00000110001010110000 ]
113 00000110001010011000 [ 00000110001010011000 ]
114 00000011110000000110 [ 00000011110000000110 ]
115 00000011100010000110 [ 00000011100010000110 ]
116 00000011010010000110 [ 00000011010010000110 ]
118 00000010011010000110 [ 00000010011010000110 ]
119 00000010010010110010 [ 00000010010010110010 ]
121 00000010010010011010 [ 00000010010010011010 ]
122 00000010001010110010 [ 00000010001010110010 ]
124 00000010001010011010 [ 00000010001010011010 ]
28 10001000010010110000 [ 10001000010010110000 01000010001010011000 ]
29 10001000010010011000 [ 10001000010010011000 01000010001010110000 ]
34 10001000000110011000 [ 10001000000110011000 01000010100010110000 ]
0 11001010010000000010 [ 11001010010000000010 00110010011000000010 ]
3 10101100010100000000 [ 10101100010100000000 00110101011000000000 ]
6 10101010010000000010 [ 10101010010000000010 01010010011000000010 ]
11 10001010010100000010 [ 10001010010100000010 00010011011000000010 ]
20 10001010000010010010 [ 10001010000010010010 00010011000010000110 ]
62 01000010111000000010 [ 01000010111000000010 00101110010000000010 ]
70 01000010000010110010 [ 01000010000010110010 00010110001010000010 ]
90 00001110001010010000 [ 00001110001010010000 00000111001000000110 ]
15 10001010010000000110 [ 10001010010000000110 00010010011000000110 ]
18 10001010000010110000 [ 10001010000010110000 01001010000010011000 ]
19 10001010000010011000 [ 10001010000010011000 01001010000010110000 ]
26 10001000010100010010 [ 10001000010100010010 00101100010000010010 ]
51 01001010010000000110 [ 01001010010000000110 00100010011000000110 ]
52 01001010000010010010 [ 01001010000010010010 01000011000010000110 ]
60 01000011100000000110 [ 01000011100000000110 00010011001000000110 ]
63 01000010110000000110 [ 01000010110000000110 00100110010000000110 ]
66 01000010011000000110 [ 01000010011000000110 00101010010000000110 ]
95 00001010010010110000 [ 00001010010010110000 00001010001010011000 ]
97 00001010010010011000 [ 00001010010010011000 00001010001010110000 ]
102 00001010001010010010 [ 00001010001010010010 00000011001010000110 ]
105 00001000010010111000 [ 00001000010010111000 00000010001010111000 ]
10 10001010011000000010 [ 10001010011000000010 00011010011000000010 ]
37 01101010010000000010 [ 01101010010000000010 01100010011000000010 ]
38 01100110101000000000 [ 01100110101000000000 01100110011000000000 ]
39 01100110010000000010 [ 01100110010000000010 01100010110000000010 ]
40 01100110001010000000 [ 01100110001010000000 01100110001000000010 ]
45 01010110001010000000 [ 01010110001010000000 01010110001000000010 ]
48 01001010011000000010 [ 01001010011000000010 00101010011000000010 ]
61 01000011010000000110 [ 01000011010000000110 00100011010000000110 ]
67 01000010010010100010 [ 01000010010010100010 01000010010010010010 ]
71 01000010000010100110 [ 01000010000010100110 01000010000010010110 ]
73 00110110001010000000 [ 00110110001010000000 00110110001000000010 ]
82 00100010010010100010 [ 00100010010010100010 00100010010010010010 ]
85 00010111001010000000 [ 00010111001010000000 00010111001000000010 ]
91 00001011010000000110 [ 00001011010000000110 00000011011000000110 ]
108 00001000010010010110 [ 00001000010010010110 00001000010000011110 ]
117 00000010011010100010 [ 00000010011010100010 00000010011010010010 ]
120 00000010010010100110 [ 00000010010010100110 00000010010010010110 ]
123 00000010001010100110 [ 00000010001010100110 00000010001010010110 ]
24 10001000010101000010 [ 10001000010101000010 01000011100010000100 00010011001010000100 ]
44 01010110101000000000 [ 01010110101000000000 00110110011000000000 00001010000010011010 ]
33 10001000000110110000 [ 10001000000110110000 01001010110000000010 01000010100010011000 ]
43 01010111001000000000 [ 01010111001000000000 00110111001000000000 00001010000010110010 ]
77 00101000010010011000 [ 00101000010010011000 00100110001010000010 00010010001010110000 ]
84 00010111101000000000 [ 00010111101000000000 00010111001000000100 00000010000010110110 ]
31 10001000010000010110 [ 10001000010000010110 00101000010010010010 00101000010000011010 ]
69 01000010001010100010 [ 01000010001010100010 01000010001010010010 01000010001010000110 ]
112 00000110001010100010 [ 00000110001010100010 00000110001010010010 00000110001010000110 ]
17 10001010000110010000 [ 10001010000110010000 01001010100010010000 00100101010000000110 00010001011000000110 ]
16 10001010001010010000 [ 10001010001010010000 01001010010010010000 00100001110000000110 00011001010000000110 ]
21 10001001010000000110 [ 10001001010000000110 01000001110000000110 00101010010010010000 00011010001010010000 ]
58 01000011101000000100 [ 01000011101000000100 00101100011000010000 00010011101010000000 00010011101000000010 ]
25 10001000010101000001 [ 10001000010101000001 01000011100010100000 01000011100010010000 00100100011000000110 00010101001000000110 ]
4 10101100010000010000 [ 10101100010000010000 10101000010100000010 01010011100000000100 01010011001010000000 01010011001000000010 ]
5 10101100010000000010 [ 10101100010000000010 10101000010100010000 01010010101010000000 01010010101000000010 01010001101000000100 ]
27 10001000010100000110 [ 10001000010100000110 00101100010010010000 00101100010000011000 00010011001010100000 00010011001010010000 ]
57 01000011101010000000 [ 01000011101010000000 01000011101000000010 00101100011000000010 00010101101000000100 00010011101000000100 ]
76 00101000010010110000 [ 00101000010010110000 00100110001010100000 00100110001010010000 00100110001000000110 00010010001010011000 ]
35 10001000000010111000 [ 10001000000010111000 01000010000010111000 00010010001010100010 00010010001010010010 00010010001010000110 ]
72 01000010000010011010 [ 01000010000010011010 00010110011000000010 00010110001010100000 00010110001010010000 00010110001000000110 ]
32 10001000000111010000 [ 10001000000111010000 10001000000101011000 10001000000101010001 01000111101000000000 00101110011000000000 00000010000010011110 ]
7 10101000010101000000 [ 10101000010101000000 01010011100010000000 01010011100000000010 01010011001000000100 00110101001000000100 00110100011000000010 ]
1 11001010000010010000 [ 11001010000010010000 01010011000000000110 00110001010000000110 00001010011010010000 00001001110000000110 00000011101000000110 ]
12 10001010010010010000 [ 10001010010010010000 01001010001010010000 01000011001000000110 00101001010000000110 00010011100000000110 00010001110000000110 ]
30 10001000010010010010 [ 10001000010010010010 10001000010000011010 01000110001010100000 01000110001010010000 01000110001000000110 00101000010000010110 ]
22 10001000010110010000 [ 10001000010110010000 10001000010100011000 01000010101010100000 01000010101010010000 01000010101000000110 00101100010000000110 00010001101000000110 ]
2 10101100011000000000 [ 10101100011000000000 01010101101000000000 00111100011000000000 00110101101000000000 00001010000010010110 00000011000010100110 00000011000010010110 ]
8 10101000010010010000 [ 10101000010010010000 10101000010000011000 10101000010000000110 01010010001010100000 01010010001010010000 01010010001000000110 01010001100000000110 ]
53 01000110101010000000 [ 01000110101010000000 01000110101000000010 01000010110010000010 01000010100010100010 01000010100010010010 01000010100010000110 00000010000010111010 ]
