identifiant liste_combi 
8 00000010010010000010 [ 00000010010010000010 ]
9 00000010010000000110 [ 00000010010000000110 ]
4 01000010010000000010 [ 01000010010000000010 00100010010000000010 ]
5 00001010010000000010 [ 00001010010000000010 00000010011000000010 ]
7 00000110001010000000 [ 00000110001010000000 00000110001000000010 ]
6 00001000010010010000 [ 00001000010010010000 00001000010000011000 00001000010000000110 00000010001010100000 00000010001010010000 00000010001000000110 00000001100000000110 ]
0 10101000010000000000 [ 10101000010000000000 01010010001000000000 01010001100000000000 00110100001000000000 00001010000010010000 00000011000000000110 00000001010000000110 00000000000010111000 ]
2 10001000010000010000 [ 10001000010000010000 01000010001010000000 01000010001000000010 01000010000010000010 00101000010000000010 00010110001000000000 00010001100000000100 00001000000010011000 00000010001010000010 00000010000010110000 ]
3 10001000010000000010 [ 10001000010000000010 10001000000010010000 10001000000000011000 10000000000101000001 01000110001000000000 01000010000010100000 01000010000010010000 01000010000000000110 01000001100000000100 00101000010000010000 00100110001000000000 00100000010000000110 00010010001010000000 00010010001000000010 00010001000000000110 00001000000010110000 00000010000010011000 ]
1 10001000010100000000 [ 10001000010100000000 10001000000101000000 10001000000100010000 01000011100000000000 01000010101000000000 01000010100010000000 01000010100000000010 00101100010000000000 00100100011000000000 00100100010000000010 00010101001000000000 00010011001000000000 00010001101000000000 00010001001000000100 00001000010000010010 00000010000010100010 00000010000010010010 00000010000010000110 ]
