identifiant liste_combi 
12 01100110001000000000 [ 01100110001000000000 ]
13 01100010010000000010 [ 01100010010000000010 ]
18 01000010010010000010 [ 01000010010010000010 ]
20 01000010001010000010 [ 01000010001010000010 ]
22 00100010010010000010 [ 00100010010010000010 ]
23 00001010011000000010 [ 00001010011000000010 ]
25 00001010010010000010 [ 00001010010010000010 ]
26 00001010010000010010 [ 00001010010000010010 ]
31 00000110011000000010 [ 00000110011000000010 ]
33 00000110001010000010 [ 00000110001010000010 ]
34 00000011010000000110 [ 00000011010000000110 ]
35 00000010011010000010 [ 00000010011010000010 ]
37 00000010010010000110 [ 00000010010010000110 ]
28 00001000010010110000 [ 00001000010010110000 00000010001010011000 ]
29 00001000010010011000 [ 00001000010010011000 00000010001010110000 ]
2 10001010010000000010 [ 10001010010000000010 00010010011000000010 ]
15 01001010010000000010 [ 01001010010000000010 00100010011000000010 ]
17 01000010011000000010 [ 01000010011000000010 00101010010000000010 ]
19 01000010010000000110 [ 01000010010000000110 00100010010000000110 ]
27 00001010010000000110 [ 00001010010000000110 00000010011000000110 ]
36 00000010010010100010 [ 00000010010010100010 00000010010010010010 ]
11 10001000000010011000 [ 10001000000010011000 01000010000010110000 00010010001010000010 ]
16 01000010100010000010 [ 01000010100010000010 00010111001000000000 00000010000010110010 ]
32 00000110001010100000 [ 00000110001010100000 00000110001010010000 00000110001000000110 ]
30 00001000010010010010 [ 00001000010010010010 00001000010000011010 00001000010000010110 ]
38 00000010001010100010 [ 00000010001010100010 00000010001010010010 00000010001010000110 ]
8 10001000010000010010 [ 10001000010000010010 01000110001010000000 01000110001000000010 00101000010000010010 ]
14 01010110001000000000 [ 01010110001000000000 00110110001000000000 00001010000010110000 00001010000010011000 ]
5 10001000010100010000 [ 10001000010100010000 01000010101010000000 01000010101000000010 00101100010000000010 00010001101000000100 ]
6 10001000010100000010 [ 10001000010100000010 01000011100000000100 00101100010000010000 00010011001010000000 00010011001000000010 ]
1 10101000010000010000 [ 10101000010000010000 10101000010000000010 01010010001010000000 01010010001000000010 01010001100000000100 ]
3 10001010000010010000 [ 10001010000010010000 01001010000010010000 01000011000000000110 00100001010000000110 00010011000000000110 00010001010000000110 ]
24 00001010010010010000 [ 00001010010010010000 00001010001010010000 00001001010000000110 00000011100000000110 00000011001000000110 00000001110000000110 ]
7 10001000010010010000 [ 10001000010010010000 10001000010000011000 01000010001010100000 01000010001010010000 01000010001000000110 00101000010000000110 00010001100000000110 ]
21 01000010000010100010 [ 01000010000010100010 01000010000010010010 01000010000010000110 00010110001010000000 00010110001000000010 00001000000010111000 00000010000010111000 ]
0 10101100010000000000 [ 10101100010000000000 10101000010100000000 01010011100000000000 01010011001000000000 01010010101000000000 01010001101000000000 00110101001000000000 00110100011000000000 00001010000010010010 00000011000010000110 ]
9 10001000010000000110 [ 10001000010000000110 10001000000010110000 01000010000010011000 01000001100000000110 00101000010010010000 00101000010000011000 00100110001010000000 00100110001000000010 00010010001010100000 00010010001010010000 00010010001000000110 ]
10 10001000000110010000 [ 10001000000110010000 10001000000101000001 10001000000100011000 01000110101000000000 01000010110000000010 01000010100010100000 01000010100010010000 01000010100000000110 00100110011000000000 00100110010000000010 00100100010000000110 00010001001000000110 00000010000010011010 ]
4 10001000010101000000 [ 10001000010101000000 10001000000101010000 01000011101000000000 01000011100010000000 01000011100000000010 00101100011000000000 00100100011000000010 00010101101000000000 00010101001000000100 00010011101000000000 00010011001000000100 00000010000010100110 00000010000010010110 ]
