Indice IndiceOld Caract_atome
0 0 Si 1
1 1 Si 2
2 2 Si 3
3 3 Si 4
4 4 OS 1
5 5 OS 2
6 6 OS 3
7 7 OS 4
8 8 OS 5
9 9 OS 6
10 10 OS 7
11 11 OS 8
12 20 O 9
13 23 O 10
14 26 O 11
15 29 O 12
16 32 O 13
17 35 O 14
18 38 O 15
19 41 O 16
Matrice Adjacence
0  0  0  0  1  0  0  0  0  0  0  1  0  0  0  0  0  0  0  0  
0  0  0  0  0  0  1  0  1  0  0  0  0  0  0  0  0  0  0  0  
0  0  0  0  0  1  0  0  0  1  0  0  0  0  0  0  0  0  0  0  
0  0  0  0  0  0  0  1  0  0  1  0  0  0  0  0  0  0  0  0  
1  0  0  0  0  0  0  0  0  2  0  0  0  0  0  0  0  0  0  0  
0  0  1  0  0  0  0  0  0  0  0  0  0  0  0  0  0  0  0  0  
0  1  0  0  0  0  0  0  0  0  2  0  0  0  0  0  0  0  0  0  
0  0  0  1  0  0  0  0  0  0  0  0  0  0  0  0  0  2  0  0  
0  1  0  0  0  0  0  2  0  0  0  0  0  0  0  0  0  0  0  0  
0  0  1  0  0  0  0  0  0  0  0  0  0  0  0  0  0  0  2  0  
0  0  0  1  0  2  0  0  0  0  0  0  0  0  0  0  0  0  0  0  
1  0  0  0  0  0  0  0  0  0  0  0  0  2  0  0  0  0  0  0  
0  0  0  0  0  0  2  0  0  0  0  0  0  0  2  0  0  0  0  0  
0  0  0  0  0  0  0  0  0  0  0  0  0  0  0  0  0  0  0  2  
0  0  0  0  0  0  0  0  0  0  0  0  0  0  0  0  0  0  0  0  
0  0  0  0  2  0  0  0  0  0  0  0  2  0  0  0  0  0  0  0  
0  0  0  0  0  0  0  0  0  0  0  0  0  0  0  2  0  0  0  0  
0  0  0  0  0  0  0  0  0  0  0  0  0  0  0  0  0  0  2  0  
0  0  0  0  0  0  2  0  0  0  0  0  0  0  0  0  0  0  0  0  
0  0  0  0  0  0  0  0  0  0  0  0  0  0  0  0  0  0  0  0  

Ordre : 4
Nombre de sous-graphes connexes : 68
Nombre de certificats différents : 10
Nombre de motifs uniques :2
Indices triés :
8945760231

Ordre : 5
Nombre de sous-graphes connexes : 140
Nombre de certificats différents : 39
Nombre de motifs uniques :13
Indices triés :
12131820222325263133343537282921517192736111632303881456132472109104

Ordre : 6
Nombre de sous-graphes connexes : 278
Nombre de certificats différents : 125
Nombre de motifs uniques :53
Indices triés :
9131423364142464749505455565964656874757879808183868788899293949698991001011031041061071091101111131141151161181191211221242829340361120627090151819265152606366959710210510373839404548616771738285911081171201232444334377843169112171621582545275776357232711230222853
