identifiant liste_combi 
9 1011010001100100000 [ 1011010001100100000 ]
26 1001110101100000000 [ 1001110101100000000 ]
33 1001010001110100000 [ 1001010001110100000 ]
49 1000011001110100000 [ 1000011001110100000 ]
57 0110011001100100000 [ 0110011001100100000 ]
58 0110011001010100000 [ 0110011001010100000 ]
68 0010011001110100000 [ 0010011001110100000 ]
74 0000011001111100000 [ 0000011001111100000 ]
75 0000011001110110000 [ 0000011001110110000 ]
77 0000010001101100101 [ 0000010001101100101 ]
8 1011010011100000000 [ 1011010011100000000 0111011101000000000 ]
31 1001011001101000000 [ 1001011001101000000 0110011001110000000 ]
17 1010110001100100000 [ 1010110001100100000 0011010101100100000 ]
23 1010010001101100000 [ 1010010001101100000 0011011001100100000 ]
61 0100011001010110000 [ 0100011001010110000 0001011001110100000 ]
67 0010011011010100000 [ 0010011011010100000 0001011101010100000 ]
0 1110011001100000000 [ 1110011001100000000 1101011001100000000 ]
22 1010010011100100000 [ 1010010011100100000 0011010011100100000 ]
29 1001110001100100000 [ 1001110001100100000 1001010101100100000 ]
32 1001011001100100000 [ 1001011001100100000 1001010001101100000 ]
56 1000000100101000111 [ 1000000100101000111 0001000100101000111 ]
59 0101011001010100000 [ 0101011001010100000 0011011001010100000 ]
64 0010110011100100000 [ 0010110011100100000 0010010011100100010 ]
69 0010011001101100000 [ 0010011001101100000 0010010001111100000 ]
78 0000000110101001110 [ 0000000110101001110 0000000110001001111 ]
24 1010010000101000101 [ 1010010000101000101 0101011001100100000 0101001001010110000 ]
25 1001111001100000000 [ 1001111001100000000 1001010101101000000 0110011011010000000 ]
47 1000100010101000110 [ 1000100010101000110 0010010010101000110 0001010101101000100 ]
71 0001010001111100000 [ 0001010001111100000 0001000110101000110 0001000110001000111 ]
6 1011110001100000000 [ 1011110001100000000 1011010101100000000 0111011011000000000 ]
60 0100011001110100000 [ 0100011001110100000 0010011001010110000 0001011001010110000 ]
70 0010010001110110000 [ 0010010001110110000 0010010001101100100 0010010001101100001 ]
63 0011011111000000000 [ 0011011111000000000 0011010111100000000 0011010111000100000 ]
66 0010011011100100000 [ 0010011011100100000 0010010011110100000 0010010011101100000 ]
76 0000010100101000111 [ 0000010100101000111 0000000110101000111 0000000100101001111 ]
4 1100011000110100000 [ 1100011000110100000 1010000010101000110 1001100110000000110 0011010100101000100 ]
13 1010110011000100000 [ 1010110011000100000 0101001101000001100 0011110011000000010 0011010101000001100 ]
42 1000110001101100000 [ 1000110001101100000 1000110000101000101 0001011101100100000 0001000101001001110 ]
28 1001110001101000000 [ 1001110001101000000 1001011101100000000 0110011011100000000 0110011011000100000 ]
65 0010110011100000010 [ 0010110011100000010 0010110011000100010 0010110010100100010 0001011101000001100 ]
12 1010110011100000000 [ 1010110011100000000 1010110010101000000 1010110010100100000 1010110010100000010 ]
21 1010011001100100000 [ 1010011001100100000 1010010001110100000 0011010001110100000 0011010001101100000 ]
62 0011110111000000000 [ 0011110111000000000 0011010111000001000 0011010111000000100 0011010111000000010 ]
54 1000010001101100100 [ 1000010001101100100 1000010001101100001 1000010001101000101 1000010000101100101 ]
3 1100011001100100000 [ 1100011001100100000 1001000100101000110 1001000100101000101 0110011000010110000 0011000110001000110 ]
44 1000100110001000110 [ 1000100110001000110 1000011000110110000 0010010100101000110 0010000010101000111 0001010001101000101 ]
27 1001110011100000000 [ 1001110011100000000 1001010101100001000 1001010101100000100 0110111011000000000 0110011011000000010 ]
30 1001011001110000000 [ 1001011001110000000 1001010001101000100 1001010001101000001 0110011001101000000 0110011001010010000 ]
7 1011011001100000000 [ 1011011001100000000 1011010001101000000 0111011001100000000 0111011001010000000 0111011001000100000 ]
52 1000010100101000110 [ 1000010100101000110 0010100110001000110 0010011000110110000 0010010001101000101 0010010000101100101 0001000100101001101 ]
46 1000100100101000110 [ 1000100100101000110 0010011010010110000 0010010110001000110 0010010010101000101 0001001101010110000 0001000101101000101 ]
1 1100111001100000000 [ 1100111001100000000 1001100100101000100 1001000101101000100 0110011010010100000 0011010110000000110 0011000111000000110 ]
39 1000110011100100000 [ 1000110011100100000 1000100010101000101 0001010101100101000 0001010101100100100 0001010101001000110 0001001101001000110 ]
2 1100011001110000000 [ 1100011001110000000 1100011001101000000 1001010100101000100 1001000100101001100 0110011000110100000 0011100110000000110 0011000110000001110 ]
43 1000110001101000100 [ 1000110001101000100 1000110001101000001 1000110000101100100 1000110000101100001 0010011011101000000 0010010010111100000 0001011101110000000 ]
50 1000011001101100000 [ 1000011001101100000 1000010100101000101 1000010001111100000 1000010000101000111 0001011001101100000 0001000110001001110 0001000100101001110 0001000100001001111 ]
73 0000100010101000111 [ 0000100010101000111 0000011001101000101 0000011000111110000 0000010101101100100 0000010101101000110 0000010100101100110 0000010001101100110 0000010000111100101 ]
45 1000100110000001110 [ 1000100110000001110 1000100010001000111 1000011001110010000 0100011001101000100 0100011001101000001 0100011000111100000 0010010100101001100 0001010100101100100 0001010001101000110 ]
53 1000010001110110000 [ 1000010001110110000 1000000100101001101 1000000010101000111 0100011000110110000 0001100110001000110 0001010100101000110 0001010001110110000 0001010001101100100 0001010001101100001 ]
55 1000000110101000110 [ 1000000110101000110 1000000100101001110 0100011001101100000 0010010100101000101 0010010000101000111 0010000110101000110 0010000110001001110 0010000110001000111 0001010100101000101 ]
37 1000111001100100000 [ 1000111001100100000 1000110001110100000 1000100100101000101 1000100000101000111 0001010101110100000 0001010101101100000 0001000111001000110 0001000101101000110 0001000101001000111 ]
16 1010110001101000000 [ 1010110001101000000 1010110000101100000 1010010011101000000 1010010010101100000 0101011101010000000 0011011101100000000 0011011101000100000 0011011011100000000 0011011011000100000 ]
11 1010111001100000000 [ 1010111001100000000 1010110000110100000 1010100010100000110 1010010010101000100 1010010010101000001 0101001101010100000 0101001101010010000 0011011011010000000 0011010101101000000 0011010101010100000 ]
10 1010111011000000000 [ 1010111011000000000 1010110010010100000 1010100010101000100 1010100010101000001 1010010010100000110 0101001101001000100 0101001101000000110 0011010101001000100 0011010101000000110 0011010011000000110 ]
15 1010110010000000110 [ 1010110010000000110 1010110000101000100 1010110000101000001 1010011011100000000 1010010010110100000 0101011101100000000 0101011101000100000 0011011101010000000 0011010011101000000 0011010011010100000 ]
19 1010100010101000010 [ 1010100010101000010 1010010010101000010 0101001101010001000 0101001101010000100 0011111011000000000 0011011011000000010 0011010101100001000 0011010101100000100 0011010101000101000 0011010101000100100 ]
40 1000110011100000010 [ 1000110011100000010 1000110010100100010 1000100010101000011 0010011011000000110 0010010010010100110 0001010101100000110 0001010101001100100 0001010101000100110 0001001101011000100 0001001101010000110 ]
20 1010011001101000000 [ 1010011001101000000 1010010001101000100 1010010001101000001 1010010000111100000 1010010000101100100 1010010000101100001 0101011001110000000 0101011001010010000 0011011001110000000 0011011001101000000 ]
18 1010100110000000110 [ 1010100110000000110 1010100010001000110 1010011001110000000 1010011000110100000 1010010100101000100 1010010000110110000 1010010000101000110 0101011001101000000 0011011001010010000 0011010001101000100 0011010001101000001 0011010001010110000 ]
35 1000111001110000000 [ 1000111001110000000 1000111000110100000 1000110000110110000 1000100110100000110 1000100100101001100 0010011011010010000 0010010110101000100 0010010110000001110 0010010010001000111 0001100111000000110 0001010101101000001 0001010101010110000 ]
41 1000110010101000010 [ 1000110010101000010 0010111011000000010 0010110010101000010 0010110010010100010 0010010011100000110 0010010011000100110 0010010010100100110 0001011101001000100 0001011101000000110 0001010101100001100 0001010101000101100 0001001101010001100 ]
14 1010110011000000010 [ 1010110011000000010 1010110010000100010 1010010011100000010 1010010010100100010 0101011101000001000 0101011101000000100 0011110011100000000 0011110011000100000 0011011101000001000 0011011101000000100 0011010011100000010 0011010011000100010 ]
72 0000100110101000110 [ 0000100110101000110 0000100110001001110 0000100110001000111 0000011001101100100 0000011001101100001 0000010110101000110 0000010101101000101 0000010100101100101 0000010100101001110 0000010100101001101 0000010010101000111 0000010001111110000 0000010001111100100 0000010001111100001 0000010001101000111 0000010000101100111 ]
5 1011110011000000000 [ 1011110011000000000 0000110010101000110 0000011101101000100 0000011001111010000 0000011001111000100 0000011001111000001 0000011001101000110 0000011000111100100 0000011000111100001 0000010101101001100 0000010100111100100 0000010100101101100 0000010011101000110 0000010010101100110 0000010000111110100 0000010000111110001 0000010000111100110 ]
48 1000011001111000000 [ 1000011001111000000 1000011000111100000 1000010100101001100 1000010010101000110 1000010000111110000 0100011001111000000 0010100110000001110 0010100010101000110 0010100010001000111 0010011001110010000 0010010101101000100 0010010100101100100 0010010001101000110 0010010000101100110 0001100110000001110 0001011001101000100 0001011001101000001 0001010100101001100 ]
51 1000011001101000100 [ 1000011001101000100 1000011001101000001 1000010101101000100 1000010100101100100 1000010001101000110 1000010000111100100 1000010000111100001 1000010000101100110 0100011001110010000 0010011001111000000 0010011001101000100 0010011001101000001 0010011000111100000 0010010000111110000 0010010000111100100 0010010000111100001 0001011001111000000 0001011001110010000 ]
36 1000111001101000000 [ 1000111001101000000 1000110100101000100 1000110000111100000 1000110000101000110 0010110110000000110 0010110010001000110 0010011011110000000 0010011010110100000 0010010011101000100 0010010011101000001 0010010011010110000 0010010010110110000 0010010010101100100 0010010010101100001 0001011101101000000 0001011101010010000 0001000111000001110 0001000101101001100 0001000101001001101 ]
38 1000110011101000000 [ 1000110011101000000 1000110010101100000 1000110010101000100 1000110010101000001 0010111011100000000 0010111011000100000 0010110011101000000 0010110011010100000 0010110011000000110 0010110010110100000 0010110010101100000 0010110010100000110 0010110010000100110 0010011011100000010 0010011011000100010 0010010011101000010 0010010011010100010 0010010010110100010 0010010010101100010 0001011101100001000 0001011101100000100 0001011101010001000 0001011101010000100 0001011101000101000 0001011101000100100 0001010101001001100 0001010101000001110 0001001101001001100 0001001101000001110 ]
34 1000111011100000000 [ 1000111011100000000 1000110010110100000 1000110010100000110 1000100110101000100 0010111011010000000 0010111010010100000 0010110010101000100 0010110010101000001 0010110010010110000 0010011011010000010 0010011010010100010 0010010111000000110 0010010110100000110 0010010110000100110 0010010011001000110 0010010010101000011 0010010010010110010 0010010010001100110 0001010111000000110 0001010101101001000 0001010101010101000 0001010101010100100 0001010101001000101 0001001111000000110 0001001101101000100 0001001101010101000 0001001101010100100 0001001101010011000 0001001101010010100 0001001101001000101 ]
