identifiant liste_combi 
10 001110011001000000000000000000000000000000000000000000000000000000 [ 001110011001000000000000000000000000000000000000000000000000000000 ]
11 001110011000000000000000010000000000000000000000000000000000000000 [ 001110011000000000000000010000000000000000000000000000000000000000 ]
12 001110010001000000000000010000000000000000000000000000000000000000 [ 001110010001000000000000010000000000000000000000000000000000000000 ]
13 000000000010000000000011100000000000000011000000000000000000000000 [ 000000000010000000000011100000000000000011000000000000000000000000 ]
3 100001000000100000010000000000000011000000000000000000000000000000 [ 100001000000100000010000000000000011000000000000000000000000000000 010000100100011000000000000010000000000000000000000000000000000000 ]
0 100001000000100000011100000000000000000000000000000000000000000000 [ 100001000000100000011100000000000000000000000000000000000000000000 010000100100000000000000000011100000000000000000000000000000000000 000100010001000000000000011100000000000000000000000000000000000000 000001000000100000000000000000000011100000010000000000000000000000 000000100100011100000000000000000000100000000000000000000000000000 ]
6 100001000000000000011100000000000001000000000000000000000000000000 [ 100001000000000000011100000000000001000000000000000000000000000000 100001000000000000000000000000000011100000010000000000000000000000 010000100000011100000000000000000000100000000000000000000000000000 010000100000001000000000000011100000000000000000000000000000000000 001100010000000000000000011100000000000000000000000000000000000000 ]
5 100001000000000000011100000000010000000000000000000000000000000000 [ 100001000000000000011100000000010000000000000000000000000000000000 010000100000000000000000000011100000000000000000000000000000100000 000100010000000000000000011100000000010000000000000000000000000000 000001000000010000000000000000000011100000010000000000000000000000 000001000000000000000000000000000011100000110000000000000000000000 000000100000011100000000000000000010100000000000000000000000000000 ]
1 100001000000100000011000000000010000000000000000000000000000000000 [ 100001000000100000011000000000010000000000000000000000000000000000 010000100100000000000000000011000000000000000000000000000000100000 000100010001000000000000010100000000010000000000000000000000000000 000001000000110000000000000000000011100000000000000000000000000000 000001000000100000000000000000000011000000110000000000000000000000 000000100100011000000000000000000010100000000000000000000000000000 ]
4 100001000000010000000000000000000011100000000000000000000000000000 [ 100001000000010000000000000000000011100000000000000000000000000000 100001000000000000011000000000010001000000000000000000000000000000 100001000000000000000000000000000011000000110000000000000000000000 010000100000011000000000000000000010100000000000000000000000000000 010000100000001000000000000011000000000000000000000000000000100000 001100010000000000000000010100000000010000000000000000000000000000 ]
14 000000000000010000000000000000000011100000110000000000000000000000 [ 000000000000010000000000000000000011100000110000000000000000000000 000000000000000000011000000000011100000000000000000000100000000000 000000000000000000000000000000011000000000000100000000111000000000 000000000000000000000000000000000010000000111000101000000000000000 000000000000000000000000000000000000000000100000111101000000000000 000000000000000000000000000000000000000000000111000000101000000100 000000000000000000000000000000000000000000000101000000000100000111 ]
8 100001000000000000011000000000000011000000000000000000000000000000 [ 100001000000000000011000000000000011000000000000000000000000000000 100001000000000000010100000000000011000000000000000000000000000000 100001000000000000010000000000000011100000000000000000000000000000 100001000000000000010000000000000011000000010000000000000000000000 010000100000011100000000000010000000000000000000000000000000000000 010000100000011000000000000011000000000000000000000000000000000000 010000100000011000000000000010100000000000000000000000000000000000 010000100000011000000000000010000000100000000000000000000000000000 ]
2 100001000000100000011000000000000001000000000000000000000000000000 [ 100001000000100000011000000000000001000000000000000000000000000000 100001000000100000010100000000000001000000000000000000000000000000 100001000000100000000000000000000011100000000000000000000000000000 100001000000100000000000000000000011000000010000000000000000000000 010000100100011100000000000000000000000000000000000000000000000000 010000100100011000000000000000000000100000000000000000000000000000 010000100100001000000000000011000000000000000000000000000000000000 010000100100001000000000000010100000000000000000000000000000000000 001100010001000000000000011000000000000000000000000000000000000000 001100010001000000000000010100000000000000000000000000000000000000 ]
7 100001000000000000011000000000011000000000000000000000000000000000 [ 100001000000000000011000000000011000000000000000000000000000000000 100001000000000000011000000000010100000000000000000000000000000000 100000000000000000011000000000011000000000000000000000100000000000 010000100000000000000000000011000000000000000000000000000000110000 010000100000000000000000000011000000000000000000000000000000101000 001110010000000000000000011000000000000000000000000000000000000000 001110010000000000000000010100000000000000000000000000000000000000 000100010000000000000000010100000000011000000000000000000000000000 000100010000000000000000010100000000010100000000000000000000000000 000001000000011000000000000000000011100000000000000000000000000000 000001000000010100000000000000000011100000000000000000000000000000 000001000000000000000000000000000011000000111000000000000000000000 000001000000000000000000000000000011000000110000001000000000000000 000000100000011000000000000000000011100000000000000000000000000000 000000100000011000000000000000000010100000010000000000000000000000 000000000000011000000000000000000010100000110000000000000000000000 000000000000010100000000000000000010100000110000000000000000000000 000000000000010000000000000000000010100000111000000000000000000000 000000000000010000000000000000000010100000110000001000000000000000 000000000000000000011100000000011000000000000000000000100000000000 000000000000000000011000000000011000000000000000000000110000000000 000000000000000000011000000000011000000000000000000000101000000000 000000000000000000001000000000011000000000000100000000101000000000 000000000000000000000000000000011100000000000100000000101000000000 000000000000000000000000000000011000000000000110000000101000000000 000000000000000000000000000000011000000000000101000000101000000000 000000000000000000000000000000001000000000000101000000101000000100 000000000000000000000000000000000011000000110000101000000000000000 000000000000000000000000000000000010100000110000101000000000000000 000000000000000000000000000000000010000000110000111000000000000000 000000000000000000000000000000000010000000110000101001000000000000 000000000000000000000000000000000000000000110000101101000000000000 000000000000000000000000000000000000000000101000101101000000000000 000000000000000000000000000000000000000000100000101111000000000000 000000000000000000000000000000000000000000000111000000000100000101 000000000000000000000000000000000000000000000101000000111000000100 000000000000000000000000000000000000000000000101000000101000000110 000000000000000000000000000000000000000000000101000000101000000101 000000000000000000000000000000000000000000000101000000001100000101 000000000000000000000000000000000000000000000101000000000110000101 000000000000000000000000000000000000000000000101000000000101000101 ]
9 100000000000000000011100000000011000000000000000000000000000000000 [ 100000000000000000011100000000011000000000000000000000000000000000 100000000000000000011100000000010100000000000000000000000000000000 100000000000000000011000000000011100000000000000000000000000000000 010000000000000000000000000011100000000000000000000000000000110000 010000000000000000000000000011100000000000000000000000000000101000 010000000000000000000000000011000000000000000000000000000000111000 000100000000000000000000011100000000011000000000000000000000000000 000100000000000000000000011100000000010100000000000000000000000000 000100000000000000000000010100000000011100000000000000000000000000 000000000000011100000000000000000011100000000000000000000000000000 000000000000011100000000000000000010100000010000000000000000000000 000000000000011000000000000000000011100000010000000000000000000000 000000000000010100000000000000000011100000010000000000000000000000 000000000000000000011100000000011100000000000000000000000000000000 000000000000000000001000000000011100000000000000000000110000000000 000000000000000000001000000000011100000000000000000000101000000000 000000000000000000001000000000011000000000000000000000111000000000 000000000000000000000000011100000000011100000000000000000000000000 000000000000000000000000000011100000000000000000000000000000111000 000000000000000000000000000000011100000000000000000000111000000000 000000000000000000000000000000001000000000000111000000101000000000 000000000000000000000000000000001000000000000110000000111000000000 000000000000000000000000000000001000000000000101000000111000000000 000000000000000000000000000000000011100000111000000000000000000000 000000000000000000000000000000000011100000110000001000000000000000 000000000000000000000000000000000011000000111000001000000000000000 000000000000000000000000000000000010100000111000001000000000000000 000000000000000000000000000000000000000000111000111000000000000000 000000000000000000000000000000000000000000111000101001000000000000 000000000000000000000000000000000000000000110000111001000000000000 000000000000000000000000000000000000000000101000111001000000000000 000000000000000000000000000000000000000000000111000000111000000000 000000000000000000000000000000000000000000000111000000001000000110 000000000000000000000000000000000000000000000111000000001000000101 000000000000000000000000000000000000000000000111000000000000000111 000000000000000000000000000000000000000000000101000000001000000111 000000000000000000000000000000000000000000000001000000000111000101 000000000000000000000000000000000000000000000001000000000110000111 000000000000000000000000000000000000000000000001000000000101000111 000000000000000000000000000000000000000000000000111111000000000000 000000000000000000000000000000000000000000000000000000000111000111 ]
