ordre id_c id_t nb_occurrence taux_recouvrement recouvrement certificat
6 1 0 1 1.0 '100110000010010001000000000 '000000000000004400000000000000a00000000000000040000000000000000400000000000000040000000000000098
6 2 1 1 1.0 '100100010010010001000000000 '000000000000006400000000000000800000000000000080000000000000000400000000000000040000000000000098
6 14 2 1 1.0 '011000000100000010010100000 '000000000000000400000000000000180000000000000018000000000000006400000000000000600000000000000090
6 15 3 1 1.0 '011000000100000010010000100 '0000000000000004000000000000000800000000000000040000000000000004000000000000004400000000000000b8
6 16 4 1 1.0 '011000000100000010000000101 '0000000000000004000000000000000800000000000000140000000000000020000000000000004400000000000000a8
6 17 5 1 1.0 '011000000001100100000001000 '000000000000000800000000000000040000000000000010000000000000002c00000000000000900000000000000050
6 18 6 1 1.0 '011000000001000100001001000 '00000000000000040000000000000008000000000000000c0000000000000004000000000000006000000000000000b0
6 29 7 1 1.0 '010000001001000010010100000 '000000000000007800000000000000800000000000000084000000000000008400000000000000800000000000000030
6 35 8 1 1.0 '010000000100000010010100100 '00000000000000600000000000000084000000000000009c000000000000002000000000000000200000000000000060
6 36 9 1 1.0 '010000000100000010010000101 '000000000000004000000000000000b80000000000000044000000000000004000000000000000400000000000000020
6 42 10 1 1.0 '010000000001000110010100000 '000000000000007000000000000000840000000000000084000000000000008800000000000000100000000000000060
6 44 11 1 1.0 '010000000000000010010100101 '0000000000000060000000000000008c0000000000000084000000000000000800000000000000500000000000000060
6 48 12 1 1.0 '001000000000001100001001010 '000000000000006000000000000000840000000000000098000000000000002000000000000000240000000000000048
6 49 13 1 1.0 '001000000000001000001001011 '000000000000006000000000000000840000000000000088000000000000000800000000000000340000000000000048
6 50 14 1 1.0 '000000100001100100100001000 '000000000000004000000000000000a00000000000000050000000000000002c00000000000000100000000000000010
6 12 15 2 1.5 '022000000201001020000101000 '000000000000000400000000000000380000000000000040000000000000004000000000000000440000000000000088
6 19 16 2 1.5 '011000200001200200200001000 '000000000000002000000000000000100000000000000088000000000000004400000000000000240000000000000018
6 46 17 2 1.5 '002000000001100200002002011 '000000000000004000000000000000b00000000000000040000000000000004c00000000000000100000000000000010
6 0 18 2 1.7142857142857142 '200220020010020001000000000 '000000000000005400000000000000a00000000000000040000000000000008000000000000000040000000000000088
6 6 19 2 1.7142857142857142 '022002000200000020010000100 '000000000000002400000000000000080000000000000080000000000000000800000000000000540000000000000088
6 7 20 2 1.7142857142857142 '022001001002000200000002000 '000000000000002400000000000000080000000000000080000000000000000c00000000000000500000000000000090
6 8 21 2 1.7142857142857142 '022000002200000020010000100 '000000000000002400000000000000080000000000000080000000000000000400000000000000440000000000000098
6 24 22 2 1.7142857142857142 '020000001201000020020000200 '00000000000000600000000000000080000000000000009c000000000000002000000000000000200000000000000020
6 34 23 2 1.7142857142857142 '020000000100000020020220100 '00000000000000600000000000000094000000000000008c000000000000004000000000000000200000000000000060
6 45 24 2 1.7142857142857142 '002001000100002000002002020 '000000000000007000000000000000800000000000000088000000000000008400000000000000240000000000000018
6 11 25 3 2.25 '033000000302000030010100200 '00000000000000140000000000000008000000000000001000000000000000a800000000000000500000000000000080
6 23 26 3 2.25 '030000003100000030030310100 '00000000000000700000000000000080000000000000008c000000000000008400000000000000200000000000000030
6 32 27 3 2.25 '030000000103000030030310100 '0000000000000070000000000000008c0000000000000084000000000000008000000000000000400000000000000060
6 28 28 4 1.6 '013003001102200210011003111 '000000000000006000000000000000800000000000000090000000000000002c00000000000000100000000000000010
6 37 29 4 2.0 '022000000100100220114002303 '000000000000004000000000000000b00000000000000044000000000000004000000000000000040000000000000028
6 4 30 4 2.4 '044002002401001040000101000 '000000000000002400000000000000180000000000000080000000000000004400000000000000400000000000000090
6 5 31 4 2.4 '044002002401001040000101000 '000000000000002c00000000000000100000000000000080000000000000004800000000000000900000000000000080
6 10 32 4 2.6666666666666665 '044000000104001410000104000 '000000000000000c00000000000000100000000000000018000000000000006000000000000000a00000000000000080
6 13 33 4 3.0 '044000000400002040020002200 '0000000000000010000000000000000c000000000000001000000000000000a800000000000000500000000000000040
6 47 34 4 3.0 '004000000002200400004004022 '000000000000004000000000000000b00000000000000048000000000000004400000000000000200000000000000010
6 52 35 5 2.142857142857143 '000000000101102310114104334 '000000000000000400000000000000100000000000000008000000000000004400000000000000240000000000000098
6 9 36 5 2.5 '055000000501001250001112010 '00000000000000140000000000000008000000000000001000000000000000a000000000000000440000000000000088
6 3 37 5 3.0 '055001001502002050000202000 '000000000000002800000000000000140000000000000080000000000000004000000000000000840000000000000048
6 25 38 6 2.4 '024004002101100420014004213 '000000000000006000000000000000800000000000000098000000000000002400000000000000200000000000000010
6 41 39 6 2.4 '024000000203300320222104312 '000000000000004000000000000000a00000000000000058000000000000002400000000000000200000000000000010
6 31 40 6 3.0 '051000000404000550031221300 '000000000000006000000000000000840000000000000098000000000000002000000000000000200000000000000040
6 40 41 7 2.8 '025000000404402430021106211 '000000000000006000000000000000840000000000000080000000000000000400000000000000040000000000000058
6 51 42 7 3.230769230769231 '000000000203300430026115345 '000000000000000400000000000000040000000000000008000000000000000c000000000000003000000000000000d0
6 27 43 8 2.6666666666666665 '035005003202201330214103314 '000000000000006000000000000000800000000000000090000000000000002800000000000000140000000000000008
6 22 44 8 3.2 '044004004504004250001414110 '000000000000007800000000000000800000000000000084000000000000008000000000000000800000000000000020
6 39 45 8 3.4285714285714284 '035000000504205450011306202 '000000000000007000000000000000840000000000000080000000000000008000000000000000040000000000000048
6 43 46 9 3.0 '044000100202101350118115536 '000000000000004000000000000000a00000000000000050000000000000002800000000000000140000000000000008
6 21 47 9 3.6 '063002005605002350033313400 '000000000000007000000000000000800000000000000080000000000000008c00000000000000100000000000000010
6 33 48 10 4.0 '037000000604203730017107315 '0000000000000060000000000000008c0000000000000080000000000000000800000000000000500000000000000040
6 53 49 14 5.6 '000000000202403780241321910611 '000000000000000800000000000000040000000000000018000000000000002400000000000000a00000000000000050
6 38 50 15 5.625 '069000000705405680427508617 '000000000000006000000000000000840000000000000080000000000000000c00000000000000100000000000000050
6 26 51 18 6.352941176470588 '061200120069074068800243011424 '000000000000007000000000000000800000000000000084000000000000008000000000000000040000000000000028
6 20 52 20 7.5 '01280040071101000612160022967440 '000000000000007000000000000000800000000000000088000000000000008400000000000000200000000000000010
6 30 53 25 9.375 '0121300000013013705171900755315763 '000000000000006000000000000000840000000000000088000000000000000800000000000000300000000000000040
