identifiant liste_combi 
1 100110000010010001000000000 [ 100110000010010001000000000 ]
2 100100010010010001000000000 [ 100100010010010001000000000 ]
14 011000000100000010010100000 [ 011000000100000010010100000 ]
15 011000000100000010010000100 [ 011000000100000010010000100 ]
16 011000000100000010000000101 [ 011000000100000010000000101 ]
17 011000000001100100000001000 [ 011000000001100100000001000 ]
18 011000000001000100001001000 [ 011000000001000100001001000 ]
29 010000001001000010010100000 [ 010000001001000010010100000 ]
35 010000000100000010010100100 [ 010000000100000010010100100 ]
36 010000000100000010010000101 [ 010000000100000010010000101 ]
42 010000000001000110010100000 [ 010000000001000110010100000 ]
44 010000000000000010010100101 [ 010000000000000010010100101 ]
48 001000000000001100001001010 [ 001000000000001100001001010 ]
49 001000000000001000001001011 [ 001000000000001000001001011 ]
50 000000100001100100100001000 [ 000000100001100100100001000 ]
12 011000000101000010000100000 [ 011000000101000010000100000 011000000100001010000001000 ]
19 010000100001100100100000000 [ 010000100001100100100000000 001000100000100100100001000 ]
46 001000000001100100001001000 [ 001000000001100100001001000 001000000000000100001001011 ]
0 100110010010010000000000000 [ 100110010010010000000000000 100110010000010001000000000 ]
6 011001000100000010010000000 [ 011001000100000010010000000 011001000100000010000000100 ]
7 011001000001000100000001000 [ 011001000001000100000001000 011000001001000100000001000 ]
8 011000001100000010010000000 [ 011000001100000010010000000 011000001100000010000000100 ]
24 010000001100000010010000100 [ 010000001100000010010000100 010000000101000010010000100 ]
34 010000000100000010010110000 [ 010000000100000010010110000 010000000000000010010110100 ]
45 001001000000001000001001010 [ 001001000000001000001001010 001000000100001000001001010 ]
11 011000000101000010010000000 [ 011000000101000010010000000 011000000101000010000000100 011000000100000010000100100 ]
23 010000001100000010010100000 [ 010000001100000010010100000 010000001000000010010110000 010000001000000010010100100 ]
32 010000000101000010010100000 [ 010000000101000010010100000 010000000001000010010110000 010000000001000010010100100 ]
28 010000001001100100000001000 [ 010000001001100100000001000 001001000100000010010000100 001001000001100100000001000 001001000000000000001001011 ]
37 010000000100000010001000101 [ 010000000100000010001000101 010000000000000010011000101 001000000000100100101001000 001000000000000100001001101 ]
4 011001000101000010000000000 [ 011001000101000010000000000 011001000100000010000100000 011000001100001010000000000 011000001100000010000001000 ]
5 011001000100001010000000000 [ 011001000100001010000000000 011001000100000010000001000 011000001101000010000000000 011000001100000010000100000 ]
10 011000000101000100000001000 [ 011000000101000100000001000 011000000001001100000001000 011000000001000110000001000 011000000001000100000101000 ]
13 011000000100001010010000000 [ 011000000100001010010000000 011000000100001010000000100 011000000100000010010001000 011000000100000010000001100 ]
47 001000000001000100001001010 [ 001000000001000100001001010 001000000001000100001001001 001000000000100100001001010 001000000000100100001001001 ]
52 000000000100000010010100101 [ 000000000100000010010100101 000000000001100100101001000 000000000000001100001001011 000000000000001000001001111 000000000000000100001001111 ]
9 011000000101000110000000000 [ 011000000101000110000000000 011000000100001010000000010 011000000100000110000001000 011000000100000010001001000 011000000100000010000110000 ]
3 011001001100000010000000000 [ 011001001100000010000000000 011000000101001010000000000 011000000101000010000001000 011000000100001010000100000 011000000100000010000101000 ]
25 010000001100000010000000101 [ 010000001100000010000000101 010000001000000010010000101 001001000001000100001001000 001001000000100100001001000 001001000000000100001001010 001001000000000100001001001 ]
41 010000000001100100100001000 [ 010000000001100100100001000 010000000001100100001001000 001000000100000010010100100 001000000100000010010000101 001000000001100100100001000 001000000000000000001001111 ]
31 010000000101000110010000000 [ 010000000101000110010000000 010000000101000110000000100 010000000100000010000110100 010000000001000110010000100 010000000001000100010110000 001000000100000110001001000 ]
40 010000000001100110000001000 [ 010000000001100110000001000 010000000001100100000101000 001000000101100100000001000 001000000100001010010000100 001000000100000010010001100 001000000100000000001001011 001000000001101100000001000 ]
51 000000000100000010011000101 [ 000000000100000010011000101 000000000100000010010110100 000000000001100100001001010 000000000001100100001001001 000000000001000100001001011 000000000000100100001001011 000000000000000010001001111 ]
27 010000001001100100100000000 [ 010000001001100100100000000 010000001001000100001001000 010000001000000010001000101 001001000100000010010100000 001001000100000010000000101 001001000000100100100001000 001001000000001000001000011 001001000000000000001001101 ]
22 010000001101000010000100000 [ 010000001101000010000100000 010000001001000110000100000 010000001001000010000110000 010000001001000010000100100 001001000100001100000001000 001001000100001010000001000 001001000100001000001001000 001001000100001000000001010 ]
39 010000000001100110000100000 [ 010000000001100110000100000 010000000001000110000101000 010000000001000010000100101 001000000101001100000001000 001000000100101100000001000 001000000100001010010001000 001000000100001010000001100 001000000100001000001001001 ]
43 010000000001000100001001010 [ 010000000001000100001001010 010000000001000100001001001 010000000000000010001001101 010000000000000010001000111 001000000100000010010110000 001000000100000010001000101 001000000000001000001000111 001000000000000010001001101 000000100000100100101001000 ]
21 010000001101000010010000000 [ 010000001101000010010000000 010000001101000010000000100 010000001100000010000100100 010000001001000010010000100 010000001001000000010110000 010000000101000010000100100 001001000100000100001001000 001001000000001100001001000 001000000100001100001001000 ]
33 010000000101000010000000101 [ 010000000101000010000000101 010000000100000010000100101 010000000001000010010000101 001000000101000100001001000 001000000100100100001001000 001000000100000100001001010 001000000100000100001001001 001000000001001100001001000 001000000000101100001001000 001000000000001100001001001 ]
53 000000000100000010001001101 [ 000000000100000010001001101 000000000100000010001000111 000000000001001100001001010 000000000001000100001001101 000000000000101100001001010 000000000000100100101001010 000000000000100100101001001 000000000000100100001001101 000000000000001010001000111 000000000000000110001001101 000000000000000010011100101 000000000000000010011001101 000000000000000010011000111 000000000000000010010110101 ]
38 010000000001100110100000000 [ 010000000001100110100000000 010000000001100100100100000 010000000001000110001001000 010000000001000100001101000 010000000001000010001000101 010000000000000010001100101 001000000100100100100001000 001000000100001010010100000 001000000100001010000000101 001000000100001000001000011 001000000100000010010101000 001000000100000010000001101 001000000100000000001001101 001000000000101100100001000 001000000000001000001001101 ]
26 010000001001100110000000000 [ 010000001001100110000000000 010000001001100100000100000 010000001001000110000001000 010000001001000100000101000 010000001001000010000000101 010000001000000010000100101 001001000101000100000001000 001001000100100100000001000 001001000100001010010000000 001001000100001010000000100 001001000100001000001000010 001001000100000010010001000 001001000100000010000001100 001001000100000000001001010 001001000100000000001001001 001001000001001100000001000 001001000000101100000001000 001001000000001000001001001 ]
20 010000001101000110000000000 [ 010000001101000110000000000 010000001100000010000110000 010000001001000110010000000 010000001001000110000000100 010000001001000100010100000 010000001001000100000110000 010000001000000010000110100 010000000101000110000100000 010000000101000010000110000 010000000001000110000110000 010000000001000110000100100 010000000001000010000110100 001001000100001010000000010 001001000100000110000001000 001001000100000010001001000 001001000000001100000001010 001000000100001110000001000 001000000100001100000001010 001000000100001010001001000 001000000100001010000001010 ]
30 010000000101100110000000000 [ 010000000101100110000000000 010000000101000110000001000 010000000001100110010000000 010000000001100110000000100 010000000001100100010100000 010000000001100100000110000 010000000001000110010001000 010000000001000110000001100 010000000001000110000000101 010000000001000100010101000 010000000001000100000111000 010000000000000010000110101 001000000101000110000001000 001000000100100110000001000 001000000100001010010000010 001000000100001010001000010 001000000100001010000000110 001000000100000110010001000 001000000100000110000001100 001000000100000010011001000 001000000100000010001001100 001000000100000010001001010 001000000100000010001001001 001000000001001100000001010 001000000000101100000001010 ]
