identifiant liste_combi 
7 001110011000000000000000000000000000000000000000000000000000000000 [ 001110011000000000000000000000000000000000000000000000000000000000 ]
8 001110010001000000000000000000000000000000000000000000000000000000 [ 001110010001000000000000000000000000000000000000000000000000000000 ]
9 001110010000000000000000010000000000000000000000000000000000000000 [ 001110010000000000000000010000000000000000000000000000000000000000 ]
10 001010011001000000000000000000000000000000000000000000000000000000 [ 001010011001000000000000000000000000000000000000000000000000000000 ]
11 000000000010000000000011100000000000000010000000000000000000000000 [ 000000000010000000000011100000000000000010000000000000000000000000 ]
5 100001000000000000010000000000000011000000000000000000000000000000 [ 100001000000000000010000000000000011000000000000000000000000000000 010000100000011000000000000010000000000000000000000000000000000000 ]
1 100001000000100000010000000000000001000000000000000000000000000000 [ 100001000000100000010000000000000001000000000000000000000000000000 100001000000100000000000000000000011000000000000000000000000000000 010000100100011000000000000000000000000000000000000000000000000000 010000100100001000000000000010000000000000000000000000000000000000 001100010001000000000000010000000000000000000000000000000000000000 ]
0 100001000000100000011000000000000000000000000000000000000000000000 [ 100001000000100000011000000000000000000000000000000000000000000000 100001000000100000010100000000000000000000000000000000000000000000 010000100100000000000000000011000000000000000000000000000000000000 010000100100000000000000000010100000000000000000000000000000000000 000100010001000000000000011000000000000000000000000000000000000000 000100010001000000000000010100000000000000000000000000000000000000 000001000000100000000000000000000011100000000000000000000000000000 000001000000100000000000000000000011000000010000000000000000000000 000000100100011100000000000000000000000000000000000000000000000000 000000100100011000000000000000000000100000000000000000000000000000 ]
4 100001000000000000011000000000000001000000000000000000000000000000 [ 100001000000000000011000000000000001000000000000000000000000000000 100001000000000000010100000000000001000000000000000000000000000000 100001000000000000000000000000000011100000000000000000000000000000 100001000000000000000000000000000011000000010000000000000000000000 010000100000011100000000000000000000000000000000000000000000000000 010000100000011000000000000000000000100000000000000000000000000000 010000100000001000000000000011000000000000000000000000000000000000 010000100000001000000000000010100000000000000000000000000000000000 001100010000000000000000011000000000000000000000000000000000000000 001100010000000000000000010100000000000000000000000000000000000000 ]
3 100001000000000000011000000000010000000000000000000000000000000000 [ 100001000000000000011000000000010000000000000000000000000000000000 010000100000000000000000000011000000000000000000000000000000100000 000100010000000000000000010100000000010000000000000000000000000000 000001000000010000000000000000000011100000000000000000000000000000 000001000000000000000000000000000011000000110000000000000000000000 000000100000011000000000000000000010100000000000000000000000000000 000000000000010000000000000000000010100000110000000000000000000000 000000000000000000011000000000011000000000000000000000100000000000 000000000000000000000000000000011000000000000100000000101000000000 000000000000000000000000000000000010000000110000101000000000000000 000000000000000000000000000000000000000000100000101101000000000000 000000000000000000000000000000000000000000000101000000101000000100 000000000000000000000000000000000000000000000101000000000100000101 ]
2 100001000000000000011100000000000000000000000000000000000000000000 [ 100001000000000000011100000000000000000000000000000000000000000000 100000000000000000011100000000010000000000000000000000000000000000 010000100000000000000000000011100000000000000000000000000000000000 010000000000000000000000000011100000000000000000000000000000100000 000100010000000000000000011100000000000000000000000000000000000000 000100000000000000000000011100000000010000000000000000000000000000 000001000000000000000000000000000011100000010000000000000000000000 000000100000011100000000000000000000100000000000000000000000000000 000000000010000000000010100000000000000011000000000000000000000000 000000000000011100000000000000000010100000000000000000000000000000 000000000000010000000000000000000011100000010000000000000000000000 000000000000000000011000000000011100000000000000000000000000000000 000000000000000000001000000000011100000000000000000000100000000000 000000000000000000000000010100000000011100000000000000000000000000 000000000000000000000000000011000000000000000000000000000000111000 000000000000000000000000000000011000000000000000000000111000000000 000000000000000000000000000000001000000000000100000000111000000000 000000000000000000000000000000000011100000110000000000000000000000 000000000000000000000000000000000010000000111000001000000000000000 000000000000000000000000000000000000000000111000101000000000000000 000000000000000000000000000000000000000000100000111001000000000000 000000000000000000000000000000000000000000000111000000101000000000 000000000000000000000000000000000000000000000111000000001000000100 000000000000000000000000000000000000000000000101000000000000000111 000000000000000000000000000000000000000000000001000000000100000111 000000000000000000000000000000000000000000000000111101000000000000 000000000000000000000000000000000000000000000000000000000111000101 ]
6 100000000000000000011000000000011000000000000000000000000000000000 [ 100000000000000000011000000000011000000000000000000000000000000000 100000000000000000011000000000010100000000000000000000000000000000 010000000000000000000000000011000000000000000000000000000000110000 010000000000000000000000000011000000000000000000000000000000101000 000100000000000000000000010100000000011000000000000000000000000000 000100000000000000000000010100000000010100000000000000000000000000 000000000000011000000000000000000011100000000000000000000000000000 000000000000011000000000000000000010100000010000000000000000000000 000000000000010100000000000000000011100000000000000000000000000000 000000000000010100000000000000000010100000010000000000000000000000 000000000000000000011100000000011000000000000000000000000000000000 000000000000000000011100000000010100000000000000000000000000000000 000000000000000000001000000000011000000000000000000000110000000000 000000000000000000001000000000011000000000000000000000101000000000 000000000000000000000011100000000000000011000000000000000000000000 000000000000000000000000011100000000011000000000000000000000000000 000000000000000000000000011100000000010100000000000000000000000000 000000000000000000000000000011100000000000000000000000000000110000 000000000000000000000000000011100000000000000000000000000000101000 000000000000000000000000000000011100000000000000000000110000000000 000000000000000000000000000000011100000000000000000000101000000000 000000000000000000000000000000001000000000000110000000101000000000 000000000000000000000000000000001000000000000101000000101000000000 000000000000000000000000000000000011000000111000000000000000000000 000000000000000000000000000000000011000000110000001000000000000000 000000000000000000000000000000000010100000111000000000000000000000 000000000000000000000000000000000010100000110000001000000000000000 000000000000000000000000000000000000000000110000111000000000000000 000000000000000000000000000000000000000000110000101001000000000000 000000000000000000000000000000000000000000101000111000000000000000 000000000000000000000000000000000000000000101000101001000000000000 000000000000000000000000000000000000000000000111000000000000000110 000000000000000000000000000000000000000000000111000000000000000101 000000000000000000000000000000000000000000000110000000111000000000 000000000000000000000000000000000000000000000101000000111000000000 000000000000000000000000000000000000000000000101000000001000000110 000000000000000000000000000000000000000000000101000000001000000101 000000000000000000000000000000000000000000000001000000000110000101 000000000000000000000000000000000000000000000001000000000101000101 000000000000000000000000000000000000000000000000110111000000000000 000000000000000000000000000000000000000000000000101111000000000000 000000000000000000000000000000000000000000000000000000000110000111 000000000000000000000000000000000000000000000000000000000101000111 ]
