identifiant liste_combi 
4 0100000000000000001001000000000000000 [ 0100000000000000001001000000000000000 ]
7 0001001000000000000100000000000000000 [ 0001001000000000000100000000000000000 ]
8 0000100100000000010000000000000000000 [ 0000100100000000010000000000000000000 ]
9 0000100100000000000000000000000000100 [ 0000100100000000000000000000000000100 ]
10 0000100100001000000000000000000000000 [ 0000100100001000000000000000000000000 ]
11 0000100100000000000000000000010000000 [ 0000100100000000000000000000010000000 ]
13 0000000010000000000000001000000000010 [ 0000000010000000000000001000000000010 ]
14 0000000000101100000000000000000000000 [ 0000000000101100000000000000000000000 ]
12 0000010000000000001000000001000000000 [ 0000010000000000001000000001000000000 0000000100000000000001000000010000000 ]
6 0100000000000000000001000100000000000 [ 0100000000000000000001000100000000000 0000100000000000000000000000010000100 0000000010000000000000000010000000010 ]
17 0000000000000000000011000100000000000 [ 0000000000000000000011000100000000000 0000000000000000000010000000010000100 0000000000000000000000000101100000000 ]
5 0100000000000000001000000001000000000 [ 0100000000000000001000000001000000000 0100000000000000000001000000010000000 0000100000000000000000010000000000100 0000000010000000000000000000000010010 ]
16 0000000000000000000010000100010000000 [ 0000000000000000000010000100010000000 0000000000000000000000011000000000100 0000000000000000000000000001100001000 0000000000000000000000000000100010010 ]
1 1000000000101000000000000000000000000 [ 1000000000101000000000000000000000000 0000000100101000000000000000000000000 0000000100001100000000000000000000000 0000000010001100000000000000000000000 ]
3 0100000001000000001000000000000000000 [ 0100000001000000001000000000000000000 0100000001000000000001000000000000000 0000100000000000010000000000000000100 0000001000000001000100000000000000000 0000000010000100000000000000000000010 ]
0 1000000000100000000000000000000100000 [ 1000000000100000000000000000000100000 0010000000000000100000000000001000000 0001000000000010000100000000000000000 0000010000010000000000000001000000000 0000000100001000000000000000010000000 0000000010000100000000001000000000000 ]
2 1000000000000000000000100000000100000 [ 1000000000000000000000100000000100000 0000010000000000000000000101000000000 0000010000000000000000000001100000000 0000000100000000000010000000010000000 0000000100000000000000000000010000100 0000000010000000000000011000000000000 ]
15 0000000000000000001000000101000000000 [ 0000000000000000001000000101000000000 0000000000000000001000000001100000000 0000000000000000000010000100000001000 0000000000000000000010000101000000000 0000000000000000000010000000010001000 0000000000000000000011000000010000000 0000000000000000000010000000100001000 0000000000000000000001000100010000000 0000000000000000000001000101000000000 0000000000000000000001000000010000100 0000000000000000000000100010000100000 0000000000000000000000100010000000010 0000000000000000000000011000000000001 0000000000000000000000010000000000101 0000000000000000000000010000010000100 0000000000000000000000000010000010010 0000000000000000000000000001100010000 0000000000000000000000000000100011000 ]
