identifiant liste_combi 
5 0100000001000000001001000000000000000 [ 0100000001000000001001000000000000000 ]
9 0100000000000000001001000100000000000 [ 0100000000000000001001000100000000000 ]
15 0001001000000010000100000000000000000 [ 0001001000000010000100000000000000000 ]
16 0001001000000001000100000000000000000 [ 0001001000000001000100000000000000000 ]
17 0000100100000000010000000000000000100 [ 0000100100000000010000000000000000100 ]
18 0000100100001000010000000000000000000 [ 0000100100001000010000000000000000000 ]
19 0000100100000000010000000000010000000 [ 0000100100000000010000000000010000000 ]
20 0000100100001000000000000000000000100 [ 0000100100001000000000000000000000100 ]
21 0000100100000000000000000000010000100 [ 0000100100000000000000000000010000100 ]
22 0000100100000000000000010000000000100 [ 0000100100000000000000010000000000100 ]
23 0000100100001000000000000000010000000 [ 0000100100001000000000000000010000000 ]
25 0000100100000000000010000000010000000 [ 0000100100000000000010000000010000000 ]
26 0000100100000000000001000000010000000 [ 0000100100000000000001000000010000000 ]
32 0000000100101100000000000000000000000 [ 0000000100101100000000000000000000000 ]
33 0000000100000000000001000100010000000 [ 0000000100000000000001000100010000000 ]
34 0000000010000100000000001000000000010 [ 0000000010000100000000001000000000010 ]
35 0000000010001100000000000000000000010 [ 0000000010001100000000000000000000010 ]
36 0000000010000000000000011000000000010 [ 0000000010000000000000011000000000010 ]
37 0000000010000000000000001010000000010 [ 0000000010000000000000001010000000010 ]
38 0000000010000000000000001000000010010 [ 0000000010000000000000001000000010010 ]
43 0000000000000000000011000100010000000 [ 0000000000000000000011000100010000000 ]
27 0000100000000000000000011000000000100 [ 0000100000000000000000011000000000100 0000000010000000000000000000100010010 ]
28 0000010000010000001000000001000000000 [ 0000010000010000001000000001000000000 0000000100001000000001000000010000000 ]
30 0000010000000000000000000101100000000 [ 0000010000000000000000000101100000000 0000000100000000000010000000010000100 ]
10 0100010000000000001000000001000000000 [ 0100010000000000001000000001000000000 0100000100000000000001000000010000000 ]
13 0100000000000000000011000100000000000 [ 0100000000000000000011000100000000000 0000100000000000000010000000010000100 ]
44 0000000000000000000010000100010000100 [ 0000000000000000000010000100010000100 0000000000000000000000000101100001000 ]
2 1000000100101000000000000000000000000 [ 1000000100101000000000000000000000000 0000000110001100000000000000000000000 ]
3 1000000000101100000000000000000000000 [ 1000000000101100000000000000000000000 0000000010101100000000000000000000000 ]
8 0100000000000000001001000001000000000 [ 0100000000000000001001000001000000000 0100000000000000001001000000010000000 ]
24 0000100100101000000000000000000000000 [ 0000100100101000000000000000000000000 0000100100001100000000000000000000000 ]
7 0100000001000000000001000100000000000 [ 0100000001000000000001000100000000000 0000100000000000010000000000010000100 0000000010000100000000000010000000010 ]
31 0000010000000000000000000001100001000 [ 0000010000000000000000000001100001000 0000000100000000000010000100010000000 0000000010000000000000011000000000100 ]
12 0100000000000000000001000100010000000 [ 0100000000000000000001000100010000000 0000100000000000000000010000010000100 0000000010000000000000000010000010010 ]
14 0100000000000000000001000101000000000 [ 0100000000000000000001000101000000000 0000100000000000000001000000010000100 0000000010000000000000100010000000010 ]
42 0000000000000000000010000100010001000 [ 0000000000000000000010000100010001000 0000000000000000000000011000000000101 0000000000000000000000000001100011000 ]
40 0000000000000000001000000101100000000 [ 0000000000000000001000000101100000000 0000000000000000000011000101000000000 0000000000000000000011000000010000100 ]
6 0100000001000000001000000001000000000 [ 0100000001000000001000000001000000000 0100000001000000000001000000010000000 0000100000000000010000010000000000100 0000000010000100000000000000000010010 ]
29 0000010000000000001000000101000000000 [ 0000010000000000001000000101000000000 0000010000000000001000000001100000000 0000000100000000000011000000010000000 0000000100000000000001000000010000100 ]
0 1000000000101000000000000000000100000 [ 1000000000101000000000000000000100000 0000000100101000000000000000010000000 0000000100001100000000000000010000000 0000000010001100000000001000000000000 ]
11 0100000000000000001000000101000000000 [ 0100000000000000001000000101000000000 0100000000000000001000000001100000000 0100000000000000000011000000010000000 0100000000000000000001000000010000100 0000100000000000000000010000000000101 ]
1 1000000000100000000000100000000100000 [ 1000000000100000000000100000000100000 0000010000010000000000000101000000000 0000010000010000000000000001100000000 0000000100001000000010000000010000000 0000000100001000000000000000010000100 0000000010000100000000011000000000000 ]
45 0000000000000000000011000100000001000 [ 0000000000000000000011000100000001000 0000000000000000000010000101100000000 0000000000000000000010000000010001100 0000000000000000000010010000010000100 0000000000000000000001000101100000000 0000000000000000000000000101100010000 ]
4 1000000000000000000000100010000100000 [ 1000000000000000000000100010000100000 0000010000000000000010000101000000000 0000010000000000000001000101000000000 0000010000000000000000000001100010000 0000000100000000000010000000010001000 0000000100000000000000010000010000100 0000000010000000000000011000000000001 ]
41 0000000000000000001000000001100001000 [ 0000000000000000001000000001100001000 0000000000000000000010000101010000000 0000000000000000000010000001100001000 0000000000000000000000011000010000100 0000000000000000000000000010100010010 0000000000000000000000000001100010010 0000000000000000000000000000100011010 ]
39 0000000000000000001010000101000000000 [ 0000000000000000001010000101000000000 0000000000000000001001000101000000000 0000000000000000001000000001100010000 0000000000000000000010000101000001000 0000000000000000000010000100100001000 0000000000000000000011000000010001000 0000000000000000000010000000110001000 0000000000000000000010000000100011000 0000000000000000000001000101010000000 0000000000000000000001000100010000100 0000000000000000000001010000010000100 0000000000000000000000100010000100010 0000000000000000000000100010000010010 0000000000000000000000010000010000101 ]
