identifiant liste_combi 
6 1000000010101100000000000000000000000 [ 1000000010101100000000000000000000000 ]
9 0100000001000000001001000100000000000 [ 0100000001000000001001000100000000000 ]
15 0100000000000000001001000101000000000 [ 0100000000000000001001000101000000000 ]
16 0100000000000000001001000001010000000 [ 0100000000000000001001000001010000000 ]
19 0100000000000000001001000100010000000 [ 0100000000000000001001000100010000000 ]
20 0100000000000000001011000100000000000 [ 0100000000000000001011000100000000000 ]
25 0100000000000000001000000001100001000 [ 0100000000000000001000000001100001000 ]
26 0100000000000000000011000100010000000 [ 0100000000000000000011000100010000000 ]
28 0100000100000000000001000100010000000 [ 0100000100000000000001000100010000000 ]
32 0100010000000000000001000101000000000 [ 0100010000000000000001000101000000000 ]
33 0100000000000000000001000101100000000 [ 0100000000000000000001000101100000000 ]
34 0100100100000000000001000000010000000 [ 0100100100000000000001000000010000000 ]
35 0100100000000000000001000000010000100 [ 0100100000000000000001000000010000100 ]
36 0001001000000011000100000000000000000 [ 0001001000000011000100000000000000000 ]
37 0000100100001000010000000000000000100 [ 0000100100001000010000000000000000100 ]
38 0000100100000000010000000000010000100 [ 0000100100000000010000000000010000100 ]
39 0000100100000000010000010000000000100 [ 0000100100000000010000010000000000100 ]
40 0000100100001000010000000000010000000 [ 0000100100001000010000000000010000000 ]
42 0000100100000000010010000000010000000 [ 0000100100000000010010000000010000000 ]
43 0000100100000000010001000000010000000 [ 0000100100000000010001000000010000000 ]
44 0000100100001000000000000000010000100 [ 0000100100001000000000000000010000100 ]
46 0000100100001000000000010000000000100 [ 0000100100001000000000010000000000100 ]
47 0000100100000000000010000000010000100 [ 0000100100000000000010000000010000100 ]
48 0000100100000000000001000000010000100 [ 0000100100000000000001000000010000100 ]
49 0000100100000000000000010000010000100 [ 0000100100000000000000010000010000100 ]
50 0000100100000000000000011000000000100 [ 0000100100000000000000011000000000100 ]
51 0000100100000000000000010000000000101 [ 0000100100000000000000010000000000101 ]
53 0000100100001000000010000000010000000 [ 0000100100001000000010000000010000000 ]
54 0000100100001000000001000000010000000 [ 0000100100001000000001000000010000000 ]
55 0000100100101100000000000000000000000 [ 0000100100101100000000000000000000000 ]
56 0000100100000000000010000100010000000 [ 0000100100000000000010000100010000000 ]
57 0000100100000000000010000000010001000 [ 0000100100000000000010000000010001000 ]
58 0000100100000000000011000000010000000 [ 0000100100000000000011000000010000000 ]
59 0000100100000000000001000100010000000 [ 0000100100000000000001000100010000000 ]
61 0000100000000000000000011000000000101 [ 0000100000000000000000011000000000101 ]
62 0000100010000000000000011000000000100 [ 0000100010000000000000011000000000100 ]
64 0000100000000000000010010000010000100 [ 0000100000000000000010010000010000100 ]
65 0000100000000000000010000100010000100 [ 0000100000000000000010000100010000100 ]
72 0000010000000000001000000001100001000 [ 0000010000000000001000000001100001000 ]
74 0000010000000000000011000101000000000 [ 0000010000000000000011000101000000000 ]
79 0000000100101100000000000000010000000 [ 0000000100101100000000000000010000000 ]
81 0000000100001000000001000100010000000 [ 0000000100001000000001000100010000000 ]
82 0000000110001100000000000000000000010 [ 0000000110001100000000000000000000010 ]
83 0000000100000000000011000100010000000 [ 0000000100000000000011000100010000000 ]
84 0000000100000000000001000101010000000 [ 0000000100000000000001000101010000000 ]
85 0000000100000000000001000100010000100 [ 0000000100000000000001000100010000100 ]
86 0000000010001100000000001000000000010 [ 0000000010001100000000001000000000010 ]
87 0000000010000100000000011000000000010 [ 0000000010000100000000011000000000010 ]
88 0000000010000100000000001010000000010 [ 0000000010000100000000001010000000010 ]
89 0000000010000100000000001000000010010 [ 0000000010000100000000001000000010010 ]
90 0000000010101100000000000000000000010 [ 0000000010101100000000000000000000010 ]
91 0000000010001100000000000010000000010 [ 0000000010001100000000000010000000010 ]
92 0000000010001100000000000000000010010 [ 0000000010001100000000000000000010010 ]
93 0000000010000000000000011000000000110 [ 0000000010000000000000011000000000110 ]
94 0000000010000000000000011000000000011 [ 0000000010000000000000011000000000011 ]
95 0000000010000000000000011010000000010 [ 0000000010000000000000011010000000010 ]
96 0000000010000000000000011000000010010 [ 0000000010000000000000011000000010010 ]
97 0000000010000000000000101010000000010 [ 0000000010000000000000101010000000010 ]
98 0000000010000000000000001010000010010 [ 0000000010000000000000001010000010010 ]
99 0000000010000000000000001000100010010 [ 0000000010000000000000001000100010010 ]
103 0000000000000000001011000101000000000 [ 0000000000000000001011000101000000000 ]
105 0000000000000000001000000101100001000 [ 0000000000000000001000000101100001000 ]
108 0000000000000000000011000100010001000 [ 0000000000000000000011000100010001000 ]
110 0000000000000000000010000100110001000 [ 0000000000000000000010000100110001000 ]
111 0000000000000000000011000101010000000 [ 0000000000000000000011000101010000000 ]
112 0000000000000000000011000100010000100 [ 0000000000000000000011000100010000100 ]
114 0000000000000000000010000101010000100 [ 0000000000000000000010000101010000100 ]
117 0000000000000000000010000101100001000 [ 0000000000000000000010000101100001000 ]
118 0000000000000000000011000101100000000 [ 0000000000000000000011000101100000000 ]
120 0000000000000000000000000001100011010 [ 0000000000000000000000000001100011010 ]
60 0000100000000000010000011000000000100 [ 0000100000000000010000011000000000100 0000000010000100000000000000100010010 ]
63 0000100000000000000000011000010000100 [ 0000100000000000000000011000010000100 0000000010000000000000000010100010010 ]
66 0000100000000000000001000100010000100 [ 0000100000000000000001000100010000100 0000000010000000000000100010000100010 ]
68 0000010000010000000000000101100000000 [ 0000010000010000000000000101100000000 0000000100001000000010000000010000100 ]
71 0000010000000000001000000101100000000 [ 0000010000000000001000000101100000000 0000000100000000000011000000010000100 ]
13 0100000001000000000011000100000000000 [ 0100000001000000000011000100000000000 0000100000000000010010000000010000100 ]
21 0100010000010000001000000001000000000 [ 0100010000010000001000000001000000000 0100000100001000000001000000010000000 ]
24 0100000000000000001000000101100000000 [ 0100000000000000001000000101100000000 0100000000000000000011000000010000100 ]
76 0000010000000000000000000101100001000 [ 0000010000000000000000000101100001000 0000000100000000000010000100010000100 ]
115 0000000000000000000010010100010000100 [ 0000000000000000000010010100010000100 0000000000000000000001000101100001000 ]
10 0100010001000000001000000001000000000 [ 0100010001000000001000000001000000000 0100000101000000000001000000010000000 ]
29 0100000000000000000001000100010000100 [ 0100000000000000000001000100010000100 0000100000000000000000010000010000101 ]
30 0100000000000000000011000100000001000 [ 0100000000000000000011000100000001000 0000100000000000000010000000010001100 ]
31 0100000000000000000011000101000000000 [ 0100000000000000000011000101000000000 0000100000000000000011000000010000100 ]
109 0000000000000000000010000100010001100 [ 0000000000000000000010000100010001100 0000000000000000000000000101100011000 ]
1 1000000000101100000000000000000100000 [ 1000000000101100000000000000000100000 0000000010101100000000001000000000000 ]
4 1000100100101000000000000000000000000 [ 1000100100101000000000000000000000000 0000100110001100000000000000000000000 ]
17 0100010000000000001001000001000000000 [ 0100010000000000001001000001000000000 0100000100000000001001000000010000000 ]
5 1000000100101100000000000000000000000 [ 1000000100101100000000000000000000000 0000000110101100000000000000000000000 ]
8 0100000001000000001001000001000000000 [ 0100000001000000001001000001000000000 0100000001000000001001000000010000000 ]
41 0000100100101000010000000000000000000 [ 0000100100101000010000000000000000000 0000100100001100010000000000000000000 ]
45 0000100100101000000000000000000000100 [ 0000100100101000000000000000000000100 0000100100001100000000000000000000100 ]
52 0000100100101000000000000000010000000 [ 0000100100101000000000000000010000000 0000100100001100000000000000010000000 ]
80 0000000100101000000001000000010000000 [ 0000000100101000000001000000010000000 0000000100001100000001000000010000000 ]
100 0000000010000000000000000001100010010 [ 0000000010000000000000000001100010010 0000000010000000000000000000100011010 ]
69 0000010000010000000000000001100001000 [ 0000010000010000000000000001100001000 0000000100001000000010000100010000000 0000000010000100000000011000000000100 ]
12 0100000001000000000001000100010000000 [ 0100000001000000000001000100010000000 0000100000000000010000010000010000100 0000000010000100000000000010000010010 ]
14 0100000001000000000001000101000000000 [ 0100000001000000000001000101000000000 0000100000000000010001000000010000100 0000000010000100000000100010000000010 ]
77 0000010000000000000000000001100011000 [ 0000010000000000000000000001100011000 0000000100000000000010000100010001000 0000000010000000000000011000000000101 ]
27 0100000000000000000001000101010000000 [ 0100000000000000000001000101010000000 0000100000000000000001010000010000100 0000000010000000000000100010000010010 ]
73 0000010000000000000010000101010000000 [ 0000010000000000000010000101010000000 0000010000000000000000000001100010010 0000000100000000000000011000010000100 ]
78 0000010000000000000010000001100001000 [ 0000010000000000000010000001100001000 0000000100000000000010000101010000000 0000000010000000000000011000010000100 ]
113 0000000000000000000010000101110000000 [ 0000000000000000000010000101110000000 0000000000000000000010011000010000100 0000000000000000000000000101100010010 ]
119 0000000000000000000010000101100010000 [ 0000000000000000000010000101100010000 0000000000000000000010010000010001100 0000000000000000000001000101100010000 ]
18 0100000000000000001001000001100000000 [ 0100000000000000001001000001100000000 0100000000000000001011000000010000000 0100000000000000001001000000010000100 ]
107 0000000000000000001010000001100001000 [ 0000000000000000001010000001100001000 0000000000000000000000000011100010010 0000000000000000000000000010100011010 ]
23 0100000000000000001010000101000000000 [ 0100000000000000001010000101000000000 0100000000000000001000000001100010000 0100000000000000000011000000010001000 0100000000000000000001010000010000100 ]
67 0000010000010000001000000101000000000 [ 0000010000010000001000000101000000000 0000010000010000001000000001100000000 0000000100001000000011000000010000000 0000000100001000000001000000010000100 ]
106 0000000000000000001000000001100011000 [ 0000000000000000001000000001100011000 0000000000000000000010000101010001000 0000000000000000000010000001100011000 0000000000000000000000011000010000101 ]
22 0100010000000000001000000101000000000 [ 0100010000000000001000000101000000000 0100010000000000001000000001100000000 0100000100000000000011000000010000000 0100000100000000000001000000010000100 ]
116 0000000000000000000011000100100001000 [ 0000000000000000000011000100100001000 0000000000000000000010000000110001100 0000000000000000000010010000010000101 0000000000000000000001000101110000000 ]
0 1000000100101000000000000000000100000 [ 1000000100101000000000000000000100000 1000000100101000000000000000010000000 0000000110001100000000000000010000000 0000000110001100000000001000000000000 ]
7 1000000000000000000000100010000100010 [ 1000000000000000000000100010000100010 0000010000000000000010000101000001000 0000010000000000000001000101010000000 0000000100000000000010000000110001000 0000000100000000000000010000010000101 ]
11 0100000001000000001000000101000000000 [ 0100000001000000001000000101000000000 0100000001000000001000000001100000000 0100000001000000000011000000010000000 0100000001000000000001000000010000100 0000100000000000010000010000000000101 ]
70 0000010000000000001010000101000000000 [ 0000010000000000001010000101000000000 0000010000000000001001000101000000000 0000010000000000001000000001100010000 0000000100000000000011000000010001000 0000000100000000000001010000010000100 ]
75 0000010000000000000010000101100000000 [ 0000010000000000000010000101100000000 0000010000000000000001000101100000000 0000010000000000000000000101100010000 0000000100000000000010000000010001100 0000000100000000000010010000010000100 ]
101 0000000000000000001010000101010000000 [ 0000000000000000001010000101010000000 0000000000000000001000000001100010010 0000000000000000000010000001110001000 0000000000000000000010000000100011010 0000000000000000000001011000010000100 0000000000000000000000100010100010010 ]
2 1000000000101000000000100000000100000 [ 1000000000101000000000100000000100000 0000000100101000000010000000010000000 0000000100101000000000000000010000100 0000000100001100000010000000010000000 0000000100001100000000000000010000100 0000000010001100000000011000000000000 ]
104 0000000000000000001010000101100000000 [ 0000000000000000001010000101100000000 0000000000000000001001000101100000000 0000000000000000001000000101100010000 0000000000000000000011000101000001000 0000000000000000000011000000010001100 0000000000000000000011010000010000100 ]
3 1000000000100000000000100010000100000 [ 1000000000100000000000100010000100000 0000010000010000000010000101000000000 0000010000010000000001000101000000000 0000010000010000000000000001100010000 0000000100001000000010000000010001000 0000000100001000000000010000010000100 0000000010000100000000011000000000001 ]
102 0000000000000000001010000101000001000 [ 0000000000000000001010000101000001000 0000000000000000001001000101010000000 0000000000000000000010000100100011000 0000000000000000000011000000110001000 0000000000000000000010000000110011000 0000000000000000000001000101010000100 0000000000000000000001010100010000100 0000000000000000000001010000010000101 0000000000000000000000100010000110010 ]
