1
1	  0	  4
1	  0	 11
1	  1	  6
1	  1	  8
1	  2	  5
1	  2	  9
1	  3	  7
1	  3	 10
1	  4	 13
1	  5	 15
1	  6	 17
1	  7	 19
1	  8	 16
1	  9	 14
1	 10	 18
1	 11	 12
1	 20	 21
1	 20	 22
1	 23	 24
1	 23	 25
1	 26	 27
1	 26	 28
1	 29	 30
1	 29	 31
1	 32	 33
1	 32	 34
1	 35	 36
1	 35	 37
1	 38	 39
1	 38	 40
1	 41	 42
1	 41	 43
4	  4	  9	 13
4	 29	  4	 31
4	 10	  5	 18
4	  5	 11	 15
4	 26	  5	 18
4	  6	 10	 17
4	 20	  6	 22
4	 38	  6	 22
4	  8	  7	 16
4	  7	 35	 19
4	 32	  8	 34
4	  9	 38	 14
4	 11	 23	 12
4	 20	 26	 21
4	 29	 20	 30
4	 23	 35	 19
4	 32	 29	 33
4	 38	 41	 39
44		
0	Si	Si1
1	Si	Si2
2	Si	Si3
3	Si	Si4
4	OS	OS1
5	OS	OS2
6	OS	OS3
7	OS	OS4
8	OS	OS5
9	OS	OS6
10	OS	OS7
11	OS	OS8
12	H	H1
13	H	H2
14	H	H3
15	H	H4
16	H	H5
17	H	H6
18	H	H7
19	H	H8
20	O	O9
21	H	H9
22	H	H10
23	O	O10
24	H	H11
25	H	H12
26	O	O11
27	H	H13
28	H	H14
29	O	O12
30	H	H15
31	H	H16
32	O	O13
33	H	H17
34	H	H18
35	O	O14
36	H	H19
37	H	H20
38	O	O15
39	H	H21
40	H	H22
41	O	O16
42	H	H23
43	H	H24
