Indice IndiceOld Caract_atome
0 4 OS 1
1 5 OS 2
2 6 OS 3
3 7 OS 4
4 8 Si 1
5 9 Si 2
6 10 Si 3
7 11 Si 4
8 12 Si 5
9 13 O 5
10 16 O 6
11 19 O 7
12 22 O 8
13 25 O 9
14 28 O 10
15 31 O 11
16 34 O 12
17 37 O 13
18 40 O S14
19 42 O 15
20 45 O 16
21 48 O 17
22 51 O 18
23 54 O 19
24 57 O 20
25 60 O 21
26 63 O 22
Matrice Adjacence
0  0  0  2  1  0  0  0  0  0  0  0  0  0  0  0  0  0  0  0  0  0  0  0  0  0  0  
0  0  0  0  0  0  0  0  1  0  0  2  0  0  0  0  0  0  0  0  0  0  0  0  0  0  0  
0  0  0  0  0  1  0  0  0  0  0  0  0  0  2  0  0  0  0  0  0  0  0  0  0  0  0  
0  0  0  0  0  0  0  1  0  0  0  0  0  2  0  0  0  0  0  0  0  0  0  0  0  0  0  
1  0  0  0  0  0  0  0  0  0  0  0  0  0  0  0  0  0  0  0  0  0  0  0  0  0  0  
0  0  1  0  0  0  0  0  0  0  0  0  0  0  0  0  0  0  0  0  0  0  0  0  0  0  0  
0  0  0  0  0  0  0  0  0  0  0  0  0  0  0  0  0  0  1  0  0  0  0  0  0  0  0  
0  0  0  1  0  0  0  0  0  0  0  0  0  0  0  0  0  0  0  0  0  0  0  0  0  0  0  
0  1  0  0  0  0  0  0  0  0  0  0  0  0  0  0  0  0  0  0  0  0  0  0  0  0  0  
0  0  2  0  0  0  0  0  0  0  0  0  0  0  0  0  0  0  0  0  0  0  0  0  0  0  0  
0  0  0  0  0  0  0  0  0  0  0  0  0  2  0  0  0  0  0  0  0  0  0  0  0  0  0  
0  0  0  0  0  0  0  0  0  0  0  0  0  0  0  2  0  0  0  0  0  0  0  0  0  0  0  
0  0  0  0  0  0  0  0  0  0  0  0  0  0  0  2  0  0  2  0  0  0  0  0  0  0  0  
0  0  0  0  0  0  0  0  0  0  0  0  0  0  0  0  0  2  0  0  0  0  0  0  0  0  0  
0  0  0  0  0  0  0  0  0  0  0  0  0  0  0  0  0  0  0  0  0  0  0  0  0  2  0  
0  0  0  0  0  0  0  0  0  0  0  0  0  0  0  0  0  0  0  0  0  0  0  2  0  0  0  
0  2  0  0  0  0  0  0  0  2  0  0  0  0  0  0  0  0  0  0  0  0  0  0  0  0  0  
0  0  0  0  0  0  0  0  0  0  0  0  0  0  0  0  0  0  0  0  0  0  0  0  0  0  0  
0  0  0  0  0  0  1  0  0  0  0  0  0  0  0  0  0  0  0  0  0  0  0  0  0  0  0  
0  0  0  0  0  0  0  0  0  0  0  0  0  0  0  0  2  0  0  0  0  0  0  0  0  0  0  
0  0  0  0  0  0  0  0  0  0  0  0  0  0  0  0  0  0  0  0  0  0  0  0  0  0  2  
0  2  0  0  0  0  0  0  0  0  0  0  0  0  0  0  0  0  0  2  0  0  0  0  0  0  0  
0  0  0  0  0  0  0  0  0  0  0  0  0  0  0  0  0  0  0  0  0  2  0  0  0  0  0  
0  0  2  0  0  0  0  0  0  0  0  0  0  0  0  0  0  0  0  0  2  0  0  0  0  0  0  
0  0  0  0  0  0  0  0  0  0  0  0  0  0  0  0  2  0  0  0  0  0  0  0  0  0  0  
0  0  0  0  0  0  0  0  0  0  0  0  0  0  0  0  0  0  0  0  2  0  0  0  0  0  0  
0  0  0  0  0  0  0  0  0  0  0  0  0  0  0  0  0  0  0  0  0  0  0  0  2  0  0  

Ordre : 3
Nombre de sous-graphes connexes : 46
Nombre de certificats différents : 12
Nombre de motifs uniques :5
Indices triés :
0 1 2 10 11 3 6 8 4 5 7 9 

Ordre : 4
Nombre de sous-graphes connexes : 81
Nombre de certificats différents : 31
Nombre de motifs uniques :13
Indices triés :
0 1 2 3 4 14 17 21 23 24 25 26 27 7 10 15 19 6 16 28 8 12 20 5 11 30 18 9 13 22 29 

Ordre : 5
Nombre de sous-graphes connexes : 144
Nombre de certificats différents : 73
Nombre de motifs uniques :41
Indices triés :
0 1 2 3 4 5 10 13 15 17 21 27 29 31 32 33 35 36 39 40 43 44 45 47 49 51 52 53 54 56 57 58 59 60 61 62 63 64 65 68 71 6 11 19 72 12 20 34 37 41 55 38 69 25 23 46 8 24 48 50 16 28 7 70 14 22 66 9 18 26 30 42 67 
