identifiant liste_combi 
0 101010001000100000000000000000000000000000 [ 101010001000100000000000000000000000000000 101001000010001000000000000000000000000000 010100100100000100000000000000000000000000 001101000100000010000000000000000000000000 ]
4 100010000011001000000000000000000000000000 [ 100010000011001000000000000000000000000000 001001001000110000000000000000000000000000 001001001000001010000000000000000000000000 000100010100000110000000000000000000000000 000100010100000001000000000000001000000000 ]
8 000000100000000000111000000010000000000000 [ 000000100000000000111000000010000000000000 000000010000000001000000000000000111000000 000000001000010000000000000000000000111000 000000000011000000000111000000000000000000 000000000001000000000111000000000000000100 000000000000000000111000100010000000000000 000000000000000000111000000110000000000000 000000000000000000110000111000000000000000 000000000000000000000110000000000000000111 ]
6 000010001000110000000000000000000000100000 [ 000010001000110000000000000000000000100000 000001100100000110000000000000000000000000 000001000110001010000000000000000000000000 000001000011001000000100000000000000000000 000000100100000100101000000000000000000000 000000100000000000111000100000000000000000 000000100000000000101000000110000000000000 000000010000000001000000000000101100000000 000000000011000000000110000000000000000100 000000000000000000110000100110000000000000 ]
3 100010000011100000000000000000000000000000 [ 100010000011100000000000000000000000000000 100010000010101000000000000000000000000000 001001001000101000000000000000000000000000 001001001000100010000000000000000000000000 001001001000011000000000000000000000000000 001001001000010010000000000000000000000000 000100010100000101000000000000000000000000 000100010100000100000000000000001000000000 000100010100000011000000000000000000000000 000100010100000010000000000000001000000000 ]
1 100011000010001000000000000000000000000000 [ 100011000010001000000000000000000000000000 100010001010100000000000000000000000000000 100010000011000000000100000000000000000000 001011001000100000000000000000000000000000 001001001100000010000000000000000000000000 001001001010001000000000000000000000000000 001001001000010000000000000000000000100000 000101010100000010000000000000000000000000 000100110100000100000000000000000000000000 000100010100000001000000000000000100000000 000100010100000000000000000000101000000000 ]
5 100001000011001000000000000000000000000000 [ 100001000011001000000000000000000000000000 100000000011001000000100000000000000000000 010000100100000100001000000000000000000000 010000100000000100101000000000000000000000 001010001000110000000000000000000000000000 001001000100001010000000000000000000000000 001001000010001010000000000000000000000000 001000001000110000000000000000000000100000 000101000100000110000000000000000000000000 000100100100000110000000000000000000000000 000100010000000001000000000000101000000000 000100010000000001000000000000001100000000 ]
2 100010001000110000000000000000000000000000 [ 100010001000110000000000000000000000000000 100001000010001010000000000000000000000000 100000000011000000000110000000000000000000 100000000011000000000101000000000000000000 010000100100000110000000000000000000000000 010000100000000000111000000000000000000000 010000100000000000101000000010000000000000 001001000100000110000000000000000000000000 001001000011001000000000000000000000000000 001000001000010000000000000000000000110000 001000001000010000000000000000000000101000 000101000100001010000000000000000000000000 000100100100000100001000000000000000000000 000100010000000001000000000000000110000000 000100010000000001000000000000000101000000 000100010000000000000000000000111000000000 ]
7 000001000100001110000000000000000000000000 [ 000001000100001110000000000000000000000000 000001000011001010000000000000000000000000 000000100100000110001000000000000000000000 000000100000000100111000000000000000000000 000000100000000100101000000010000000000000 000000010000000001000000000000111000000000 000000010000000001000000000000001110000000 000000010000000001000000000000001101000000 000000001000110000000000000000000000110000 000000001000110000000000000000000000101000 000000000011001000000110000000000000000000 000000000011001000000101000000000000000000 000000000001000000000110000000000000000110 000000000001000000000110000000000000000101 000000000000000000111000110000000000000000 000000000000000000111000101000000000000000 000000000000000000110000110010000000000000 000000000000000000110000101010000000000000 000000000000000000110000000111000000000000 000000000000000000101000000111000000000000 000000000000000000000111000000000000000110 000000000000000000000111000000000000000101 ]
