1.0 0.1111111111111111 0.30864197530864196 0.19753086419753085 0.19753086419753085 0.19753086419753085 0.6049382716049383 0.1111111111111111 0.19753086419753085 0.6049382716049383 0.04938271604938271 0.19753086419753085 0.04938271604938271 0.04938271604938271 
0.1111111111111111 1.0 0.30864197530864196 0.30864197530864196 0.30864197530864196 0.30864197530864196 0.012345679012345678 0.30864197530864196 0.6049382716049383 0.30864197530864196 0.6049382716049383 0.30864197530864196 0.30864197530864196 0.6049382716049383 
0.30864197530864196 0.30864197530864196 1.0 0.19753086419753085 0.19753086419753085 0.30864197530864196 0.04938271604938271 0.6049382716049383 0.6049382716049383 0.6049382716049383 0.30864197530864196 0.30864197530864196 0.30864197530864196 0.30864197530864196 
0.19753086419753085 0.30864197530864196 0.30864197530864196 1.0 0.4444444444444444 0.19753086419753085 0.1111111111111111 0.6049382716049383 0.30864197530864196 0.19753086419753085 0.30864197530864196 0.19753086419753085 0.6049382716049383 0.30864197530864196 
0.19753086419753085 0.30864197530864196 0.19753086419753085 0.4444444444444444 1.0 0.6049382716049383 0.19753086419753085 0.19753086419753085 0.30864197530864196 0.04938271604938271 0.6049382716049383 0.6049382716049383 0.19753086419753085 0.19753086419753085 
0.19753086419753085 0.30864197530864196 0.30864197530864196 0.19753086419753085 0.6049382716049383 1.0 0.1111111111111111 0.19753086419753085 0.6049382716049383 0.19753086419753085 0.6049382716049383 0.4444444444444444 0.19753086419753085 0.19753086419753085 
0.6049382716049383 0.012345679012345678 0.04938271604938271 0.1111111111111111 0.19753086419753085 0.1111111111111111 1.0 0.04938271604938271 0.04938271604938271 0.30864197530864196 0.04938271604938271 0.04938271604938271 0.04938271604938271 0.012345679012345678 
0.1111111111111111 0.30864197530864196 0.6049382716049383 0.6049382716049383 0.19753086419753085 0.19753086419753085 0.04938271604938271 1.0 0.6049382716049383 0.19753086419753085 0.30864197530864196 0.19753086419753085 0.6049382716049383 0.6049382716049383 
0.19753086419753085 0.6049382716049383 0.6049382716049383 0.30864197530864196 0.30864197530864196 0.6049382716049383 0.04938271604938271 0.6049382716049383 1.0 0.30864197530864196 0.6049382716049383 0.6049382716049383 0.30864197530864196 0.19753086419753085 
0.6049382716049383 0.30864197530864196 0.6049382716049383 0.19753086419753085 0.04938271604938271 0.19753086419753085 0.30864197530864196 0.19753086419753085 0.30864197530864196 1.0 0.19753086419753085 0.19753086419753085 0.19753086419753085 0.19753086419753085 
0.04938271604938271 0.6049382716049383 0.30864197530864196 0.19753086419753085 0.6049382716049383 0.6049382716049383 0.04938271604938271 0.19753086419753085 0.6049382716049383 0.19753086419753085 1.0 0.6049382716049383 0.4444444444444444 0.4444444444444444 
0.19753086419753085 0.30864197530864196 0.30864197530864196 0.19753086419753085 0.6049382716049383 0.6049382716049383 0.04938271604938271 0.19753086419753085 0.6049382716049383 0.19753086419753085 0.6049382716049383 1.0 0.19753086419753085 0.4444444444444444 
0.04938271604938271 0.30864197530864196 0.30864197530864196 0.6049382716049383 0.19753086419753085 0.19753086419753085 0.04938271604938271 0.6049382716049383 0.30864197530864196 0.19753086419753085 0.4444444444444444 0.19753086419753085 1.0 0.30864197530864196 
0.04938271604938271 0.6049382716049383 0.30864197530864196 0.30864197530864196 0.30864197530864196 0.30864197530864196 0.012345679012345678 0.6049382716049383 0.19753086419753085 0.19753086419753085 0.4444444444444444 0.4444444444444444 0.30864197530864196 1.0 
