identifiant liste_combi 
11 00001000000000000000000000000111010000000000 [ 00001000000000000000000000000111010000000000 00000010000000000000111000000010000000000000 00000001000000000001000000000000000111000000 00000000010000100000000000000000000000111000 00000000000110000000000111000000000000000000 ]
0 10101000010001000000000000000000000000000000 [ 10101000010001000000000000000000000000000000 10100100000100010000000000000000000000000000 01010010001000000100000000000000000000000000 01010001100000001000000000000000000000000000 00110100001000000010000000000000000000000000 ]
7 10001000000001000000000000000101000000000000 [ 10001000000001000000000000000101000000000000 10000000000110010000000100000000000000000000 01000010000000000100101000000000000000000000 01000000100000001000000000000000101000000000 00100000010001100000000000000000000000100000 00010001000000001001000000000000000100000000 ]
6 10001000000110000000000100000000000000000000 [ 10001000000110000000000100000000000000000000 10001000000100000000000000000101000000000000 01000010100000000000101000000000000000000000 01000010100000000000000000000000101000000000 00100100010000100000000000000000000000100000 00010001001000000001000000000000000100000000 ]
10 00001000010001100000000000000000000000100000 [ 00001000010001100000000000000000000000100000 00001000010001000000000000000101000000000000 00000100000110010000000100000000000000000000 00000010001000000100101000000000000000000000 00000001100000001001000000000000000100000000 00000001100000001000000000000000101000000000 ]
9 00001000010001100000000000000001000000000000 [ 00001000010001100000000000000001000000000000 00000100001000010110000000000000000000000000 00000100000110010010000000000000000000000000 00000010001000000110001000000000000000000000 00000001100000001001000000000000001000000000 00000000000000000000110000100110000000000000 00000000000000000000100000000110110000000000 ]
13 00000000000000100000000000000000000000111100 [ 00000000000000100000000000000000000000111100 00000000000000000000111000100010000000000000 00000000000000000000111000000110000000000000 00000000000000000000110000111000000000000000 00000000000000000000100000000111010000000000 00000000000000000000000000000111110000000000 00000000000000000000000000000000000000110111 ]
5 10001000000110010000000000000000000000000000 [ 10001000000110010000000000000000000000000000 10001000000101000000000000000001000000000000 01000010100000001000000000000000001000000000 01000010100000000100001000000000000000000000 00100100010001100000000000000000000000000000 00100100010000010010000000000000000000000000 00010001001000001001000000000000000000000000 00010001001000000110000000000000000000000000 ]
3 10001000010001000000000000000001000000000000 [ 10001000010001000000000000000001000000000000 10000100000110010000000000000000000000000000 01000010001000000100001000000000000000000000 01000001100000001000000000000000001000000000 00101000010001100000000000000000000000000000 00100100001000010010000000000000000000000000 00100100000100010010000000000000000000000000 00010100001000000110000000000000000000000000 00010010001000000110000000000000000000000000 00010001100000001001000000000000000000000000 ]
8 10001000000000000000000000000111000000000000 [ 10001000000000000000000000000111000000000000 10001000000000000000000000000101010000000000 10000000000110000000000110000000000000000000 10000000000110000000000101000000000000000000 01000010000000000000111000000000000000000000 01000010000000000000101000000010000000000000 01000000100000000000000000000000111000000000 00100000010000100000000000000000000000110000 00100000010000100000000000000000000000101000 00010001000000000001000000000000000110000000 00010001000000000001000000000000000101000000 ]
2 10001000010001100000000000000000000000000000 [ 10001000010001100000000000000000000000000000 10000100000100010010000000000000000000000000 01000010001000000110000000000000000000000000 01000001100000001001000000000000000000000000 00101000010001000000000000000001000000000000 00100100001000000110000000000000000000000000 00100100000110010000000000000000000000000000 00010100001000010010000000000000000000000000 00010010001000000100001000000000000000000000 00010001100000001000000000000000001000000000 00001000000000000000100000000111000000000000 00001000000000000000000000000101110000000000 00000010000000000000111000100000000000000000 00000010000000000000101000000110000000000000 00000000100000000000000000000100111000000000 00000000010000100000000000000000000000110100 ]
12 00000110001000000110000000000000000000000000 [ 00000110001000000110000000000000000000000000 00000100001100010010000000000000000000000000 00000000000000100000000000000000000000110110 00000000000000100000000000000000000000110101 00000000000000000000111000110000000000000000 00000000000000000000111000101000000000000000 00000000000000000000110000110010000000000000 00000000000000000000110000101010000000000000 00000000000000000000110000000111000000000000 00000000000000000000110000000110010000000000 00000000000000000000101000000111000000000000 00000000000000000000101000000110010000000000 00000000000000000000000000000110111000000000 00000000000000000000000000000101111000000000 00000000000000000000000000000000000000111110 00000000000000000000000000000000000000111101 ]
4 10001000000111000000000000000000000000000000 [ 10001000000111000000000000000000000000000000 10001000000110000000000000000001000000000000 10001000000101010000000000000000000000000000 10001000000100010000000000000001000000000000 01000010100000001100000000000000000000000000 01000010100000001000001000000000000000000000 01000010100000000100000000000000001000000000 01000010100000000000001000000000001000000000 00100100010001010000000000000000000000000000 00100100010001000010000000000000000000000000 00100100010000110000000000000000000000000000 00100100010000100010000000000000000000000000 00010001001000001100000000000000000000000000 00010001001000001010000000000000000000000000 00010001001000000101000000000000000000000000 00010001001000000011000000000000000000000000 ]
1 10001100000100010000000000000000000000000000 [ 10001100000100010000000000000000000000000000 10001000010101000000000000000000000000000000 01000011100000001000000000000000000000000000 01000010101000000100000000000000000000000000 00101100010001000000000000000000000000000000 00100100011000000010000000000000000000000000 00100100010100010000000000000000000000000000 00010101001000000010000000000000000000000000 00010011001000000100000000000000000000000000 00010001101000001000000000000000000000000000 00001000000001000000000000000111000000000000 00001000000001000000000000000101010000000000 00000010000000000100111000000000000000000000 00000010000000000100101000000010000000000000 00000001000000001001000000000000000110000000 00000001000000001001000000000000000101000000 00000000100000001000000000000000111000000000 00000000010001100000000000000000000000110000 00000000010001100000000000000000000000101000 00000000000110010000000110000000000000000000 00000000000110010000000101000000000000000000 ]
